p=  001( 30.00000000,  23.00000000,  42.00000000)
p=  002( 30.00000000,  23.00000000,  42.00000000)
p=  003( 30.00000000,  23.00000000,  42.00000000)
p=  004( 30.00000000,  23.00000000,  42.00000000)
p=  005( 30.00000000,  23.00000000,  42.00000000)
p=  006( 30.00000000,  23.00000000,  42.00000000)
p=  007( 30.00000000,  23.00000000,  42.00000000)
p=  008( 30.00000000,  23.00000000,  42.00000000)
p=  009( 30.00000000,  23.00000000,  42.00000000)
p=  010( 30.00000000,  23.00000000,  42.00000000)
p=  011( 30.00000000,  23.00000000,  42.00000000)
p=  012( 30.00000000,  23.00000000,  42.00000000)
p=  013( 30.00000000,  23.00000000,  42.00000000)
p=  014( 30.00000000,  23.00000000,  42.00000000)
p=  015( 30.00000000,  23.00000000,  42.00000000)
p=  016( 30.00000000,  23.00000000,  42.00000000)
p=  017( 30.00000000,  23.00000000,  42.00000000)
p=  018( 30.00000000,  23.00000000,  42.00000000)
p=  019( 30.00000000,  23.00000000,  42.00000000)
p=  020( 30.00000000,  23.00000000,  42.00000000)
p=  021( 30.00000000,  23.00000000,  42.00000000)
p=  022( 30.00000000,  23.00000000,  42.00000000)
p=  023( 30.00000000,  23.00000000,  42.00000000)
p=  024( 30.00000000,  23.00000000,  42.00000000)
p=  025( 30.00000000,  23.00000000,  42.00000000)
p=  026( 30.00000000,  23.00000000,  42.00000000)
p=  027( 30.00000000,  23.00000000,  42.00000000)
p=  028( 30.00000000,  23.00000000,  42.00000000)
p=  029( 30.00000000,  23.00000000,  42.00000000)
p=  030( 30.00000000,  23.00000000,  42.00000000)
p=  031( 30.00000000,  23.00000000,  42.00000000)
p=  032( 30.00000000,  23.00000000,  42.00000000)
p=  033( 30.00000000,  23.00000000,  42.00000000)
p=  034( 30.00000000,  23.00000000,  42.00000000)
p=  035( 30.00000000,  23.00000000,  42.00000000)
p=  036( 30.00000000,  23.00000000,  42.00000000)
p=  037( 30.00000000,  23.00000000,  42.00000000)
p=  038( 30.00000000,  23.00000000,  42.00000000)
p=  039( 30.00000000,  23.00000000,  42.00000000)
p=  040( 30.00000000,  23.00000000,  42.00000000)
p=  041( 30.00000000,  23.00000000,  42.00000000)
p=  042( 30.00000000,  23.00000000,  42.00000000)
p=  043( 30.00000000,  23.00000000,  42.00000000)
p=  044( 30.00000000,  23.00000000,  42.00000000)
p=  045( 30.00000000,  23.00000000,  42.00000000)
p=  046( 30.00000000,  23.00000000,  42.00000000)
p=  047( 30.00000000,  23.00000000,  42.00000000)
p=  048( 30.00000000,  23.00000000,  42.00000000)
p=  049( 30.00000000,  23.00000000,  42.00000000)
p=  050( 30.00000000,  23.00000000,  42.00000000)
p=  051( 30.00000000,  23.00000000,  42.00000000)
p=  052( 30.00000000,  23.00000000,  42.00000000)
p=  053( 30.00000000,  23.00000000,  42.00000000)
p=  054( 30.00000000,  23.00000000,  42.00000000)
p=  055( 30.00000000,  23.00000000,  42.00000000)
p=  056( 30.00000000,  23.00000000,  42.00000000)
p=  057( 30.00000000,  23.00000000,  42.00000000)
p=  058( 30.00000000,  23.00000000,  42.00000000)
p=  059( 30.00000000,  23.00000000,  42.00000000)
p=  060( 30.00000000,  23.00000000,  42.00000000)
p=  061( 30.00000000,  23.00000000,  42.00000000)
p=  062( 30.00000000,  23.00000000,  42.00000000)
p=  063( 30.00000000,  23.00000000,  42.00000000)
p=  064( 30.00000000,  23.00000000,  42.00000000)
p=  065( 30.00000000,  23.00000000,  42.00000000)
p=  066( 30.00000000,  23.00000000,  42.00000000)
p=  067( 30.00000000,  23.00000000,  42.00000000)
p=  068( 30.00000000,  23.00000000,  42.00000000)
p=  069( 30.00000000,  23.00000000,  42.00000000)
p=  070( 30.00000000,  23.00000000,  42.00000000)
p=  071( 30.00000000,  23.00000000,  42.00000000)
p=  072( 30.00000000,  23.00000000,  42.00000000)
p=  073( 30.00000000,  23.00000000,  42.00000000)
p=  074( 30.00000000,  23.00000000,  42.00000000)
p=  075( 30.00000000,  23.00000000,  42.00000000)
p=  076( 30.00000000,  23.00000000,  42.00000000)
p=  077( 30.00000000,  23.00000000,  42.00000000)
p=  078( 30.00000000,  23.00000000,  42.00000000)
p=  079( 30.00000000,  23.00000000,  42.00000000)
p=  080( 30.00000000,  23.00000000,  42.00000000)
p=  081( 30.00000000,  23.00000000,  42.00000000)
p=  082( 30.00000000,  23.00000000,  42.00000000)
p=  083( 30.00000000,  23.00000000,  42.00000000)
p=  084( 30.00000000,  23.00000000,  42.00000000)
p=  085( 30.00000000,  23.00000000,  42.00000000)
p=  086( 30.00000000,  23.00000000,  42.00000000)
p=  087( 30.00000000,  23.00000000,  42.00000000)
p=  088( 30.00000000,  23.00000000,  42.00000000)
p=  089( 30.00000000,  23.00000000,  42.00000000)
p=  090( 30.00000000,  23.00000000,  42.00000000)
p=  091( 30.00000000,  23.00000000,  42.00000000)
p=  092( 30.00000000,  23.00000000,  42.00000000)
p=  093( 30.00000000,  23.00000000,  42.00000000)
p=  094( 30.00000000,  23.00000000,  42.00000000)
p=  095( 30.00000000,  23.00000000,  42.00000000)
p=  096( 30.00000000,  23.00000000,  42.00000000)
p=  097( 30.00000000,  23.00000000,  42.00000000)
p=  098( 30.00000000,  23.00000000,  42.00000000)
p=  099( 30.00000000,  23.00000000,  42.00000000)
p=  100( 30.00000000,  23.00000000,  42.00000000)
p=  001( 19.00000000,  48.00000000,  57.00000000)
p=  002( 19.00000000,  48.00000000,  57.00000000)
p=  003( 19.00000000,  48.00000000,  57.00000000)
p=  004( 19.00000000,  48.00000000,  57.00000000)
p=  005( 19.00000000,  48.00000000,  57.00000000)
p=  006( 19.00000000,  48.00000000,  57.00000000)
p=  007( 19.00000000,  48.00000000,  57.00000000)
p=  008( 19.00000000,  48.00000000,  57.00000000)
p=  009( 19.00000000,  48.00000000,  57.00000000)
p=  010( 19.00000000,  48.00000000,  57.00000000)
p=  011( 19.00000000,  48.00000000,  57.00000000)
p=  012( 19.00000000,  48.00000000,  57.00000000)
p=  013( 19.00000000,  48.00000000,  57.00000000)
p=  014( 19.00000000,  48.00000000,  57.00000000)
p=  015( 19.00000000,  48.00000000,  57.00000000)
p=  016( 19.00000000,  48.00000000,  57.00000000)
p=  017( 19.00000000,  48.00000000,  57.00000000)
p=  018( 19.00000000,  48.00000000,  57.00000000)
p=  019( 19.00000000,  48.00000000,  57.00000000)
p=  020( 19.00000000,  48.00000000,  57.00000000)
p=  021( 19.00000000,  48.00000000,  57.00000000)
p=  022( 19.00000000,  48.00000000,  57.00000000)
p=  023( 19.00000000,  48.00000000,  57.00000000)
p=  024( 19.00000000,  48.00000000,  57.00000000)
p=  025( 19.00000000,  48.00000000,  57.00000000)
p=  026( 19.00000000,  48.00000000,  57.00000000)
p=  027( 19.00000000,  48.00000000,  57.00000000)
p=  028( 19.00000000,  48.00000000,  57.00000000)
p=  029( 19.00000000,  48.00000000,  57.00000000)
p=  030( 19.00000000,  48.00000000,  57.00000000)
p=  031( 19.00000000,  48.00000000,  57.00000000)
p=  032( 19.00000000,  48.00000000,  57.00000000)
p=  033( 19.00000000,  48.00000000,  57.00000000)
p=  034( 19.00000000,  48.00000000,  57.00000000)
p=  035( 19.00000000,  48.00000000,  57.00000000)
p=  036( 19.00000000,  48.00000000,  57.00000000)
p=  037( 19.00000000,  48.00000000,  57.00000000)
p=  038( 19.00000000,  48.00000000,  57.00000000)
p=  039( 19.00000000,  48.00000000,  57.00000000)
p=  040( 19.00000000,  48.00000000,  57.00000000)
p=  041( 19.00000000,  48.00000000,  57.00000000)
p=  042( 19.00000000,  48.00000000,  57.00000000)
p=  043( 19.00000000,  48.00000000,  57.00000000)
p=  044( 19.00000000,  48.00000000,  57.00000000)
p=  045( 19.00000000,  48.00000000,  57.00000000)
p=  046( 19.00000000,  48.00000000,  57.00000000)
p=  047( 19.00000000,  48.00000000,  57.00000000)
p=  048( 19.00000000,  48.00000000,  57.00000000)
p=  049( 19.00000000,  48.00000000,  57.00000000)
p=  050( 19.00000000,  48.00000000,  57.00000000)
p=  051( 19.00000000,  48.00000000,  57.00000000)
p=  052( 19.00000000,  48.00000000,  57.00000000)
p=  053( 19.00000000,  48.00000000,  57.00000000)
p=  054( 19.00000000,  48.00000000,  57.00000000)
p=  055( 19.00000000,  48.00000000,  57.00000000)
p=  056( 19.00000000,  48.00000000,  57.00000000)
p=  057( 19.00000000,  48.00000000,  57.00000000)
p=  058( 19.00000000,  48.00000000,  57.00000000)
p=  059( 19.00000000,  48.00000000,  57.00000000)
p=  060( 19.00000000,  48.00000000,  57.00000000)
p=  061( 19.00000000,  48.00000000,  57.00000000)
p=  062( 19.00000000,  48.00000000,  57.00000000)
p=  063( 19.00000000,  48.00000000,  57.00000000)
p=  064( 19.00000000,  48.00000000,  57.00000000)
p=  065( 19.00000000,  48.00000000,  57.00000000)
p=  066( 19.00000000,  48.00000000,  57.00000000)
p=  067( 19.00000000,  48.00000000,  57.00000000)
p=  068( 19.00000000,  48.00000000,  57.00000000)
p=  069( 19.00000000,  48.00000000,  57.00000000)
p=  070( 19.00000000,  48.00000000,  57.00000000)
p=  071( 19.00000000,  48.00000000,  57.00000000)
p=  072( 19.00000000,  48.00000000,  57.00000000)
p=  073( 19.00000000,  48.00000000,  57.00000000)
p=  074( 19.00000000,  48.00000000,  57.00000000)
p=  075( 19.00000000,  48.00000000,  57.00000000)
p=  076( 19.00000000,  48.00000000,  57.00000000)
p=  077( 19.00000000,  48.00000000,  57.00000000)
p=  078( 19.00000000,  48.00000000,  57.00000000)
p=  079( 19.00000000,  48.00000000,  57.00000000)
p=  080( 19.00000000,  48.00000000,  57.00000000)
p=  081( 19.00000000,  48.00000000,  57.00000000)
p=  082( 19.00000000,  48.00000000,  57.00000000)
p=  083( 19.00000000,  48.00000000,  57.00000000)
p=  084( 19.00000000,  48.00000000,  57.00000000)
p=  085( 19.00000000,  48.00000000,  57.00000000)
p=  086( 19.00000000,  48.00000000,  57.00000000)
p=  087( 19.00000000,  48.00000000,  57.00000000)
p=  088( 19.00000000,  48.00000000,  57.00000000)
p=  089( 19.00000000,  48.00000000,  57.00000000)
p=  090( 19.00000000,  48.00000000,  57.00000000)
p=  091( 19.00000000,  48.00000000,  57.00000000)
p=  092( 19.00000000,  48.00000000,  57.00000000)
p=  093( 19.00000000,  48.00000000,  57.00000000)
p=  094( 19.00000000,  48.00000000,  57.00000000)
p=  095( 19.00000000,  48.00000000,  57.00000000)
p=  096( 19.00000000,  48.00000000,  57.00000000)
p=  097( 19.00000000,  48.00000000,  57.00000000)
p=  098( 19.00000000,  48.00000000,  57.00000000)
p=  099( 19.00000000,  48.00000000,  57.00000000)
p=  100( 19.00000000,  48.00000000,  57.00000000)
p=  001( 19.00000000,  88.00000000,   6.00000000)
p=  002( 19.00000000,  88.00000000,   6.00000000)
p=  003( 19.00000000,  88.00000000,   6.00000000)
p=  004( 19.00000000,  88.00000000,   6.00000000)
p=  005( 19.00000000,  88.00000000,   6.00000000)
p=  006( 19.00000000,  88.00000000,   6.00000000)
p=  007( 19.00000000,  88.00000000,   6.00000000)
p=  008( 19.00000000,  88.00000000,   6.00000000)
p=  009( 19.00000000,  88.00000000,   6.00000000)
p=  010( 19.00000000,  88.00000000,   6.00000000)
p=  011( 19.00000000,  88.00000000,   6.00000000)
p=  012( 19.00000000,  88.00000000,   6.00000000)
p=  013( 19.00000000,  88.00000000,   6.00000000)
p=  014( 19.00000000,  88.00000000,   6.00000000)
p=  015( 19.00000000,  88.00000000,   6.00000000)
p=  016( 19.00000000,  88.00000000,   6.00000000)
p=  017( 19.00000000,  88.00000000,   6.00000000)
p=  018( 19.00000000,  88.00000000,   6.00000000)
p=  019( 19.00000000,  88.00000000,   6.00000000)
p=  020( 19.00000000,  88.00000000,   6.00000000)
p=  021( 19.00000000,  88.00000000,   6.00000000)
p=  022( 19.00000000,  88.00000000,   6.00000000)
p=  023( 19.00000000,  88.00000000,   6.00000000)
p=  024( 19.00000000,  88.00000000,   6.00000000)
p=  025( 19.00000000,  88.00000000,   6.00000000)
p=  026( 19.00000000,  88.00000000,   6.00000000)
p=  027( 19.00000000,  88.00000000,   6.00000000)
p=  028( 19.00000000,  88.00000000,   6.00000000)
p=  029( 19.00000000,  88.00000000,   6.00000000)
p=  030( 19.00000000,  88.00000000,   6.00000000)
p=  031( 19.00000000,  88.00000000,   6.00000000)
p=  032( 19.00000000,  88.00000000,   6.00000000)
p=  033( 19.00000000,  88.00000000,   6.00000000)
p=  034( 19.00000000,  88.00000000,   6.00000000)
p=  035( 19.00000000,  88.00000000,   6.00000000)
p=  036( 19.00000000,  88.00000000,   6.00000000)
p=  037( 19.00000000,  88.00000000,   6.00000000)
p=  038( 19.00000000,  88.00000000,   6.00000000)
p=  039( 19.00000000,  88.00000000,   6.00000000)
p=  040( 19.00000000,  88.00000000,   6.00000000)
p=  041( 19.00000000,  88.00000000,   6.00000000)
p=  042( 19.00000000,  88.00000000,   6.00000000)
p=  043( 19.00000000,  88.00000000,   6.00000000)
p=  044( 19.00000000,  88.00000000,   6.00000000)
p=  045( 19.00000000,  88.00000000,   6.00000000)
p=  046( 19.00000000,  88.00000000,   6.00000000)
p=  047( 19.00000000,  88.00000000,   6.00000000)
p=  048( 19.00000000,  88.00000000,   6.00000000)
p=  049( 19.00000000,  88.00000000,   6.00000000)
p=  050( 19.00000000,  88.00000000,   6.00000000)
p=  051( 19.00000000,  88.00000000,   6.00000000)
p=  052( 19.00000000,  88.00000000,   6.00000000)
p=  053( 19.00000000,  88.00000000,   6.00000000)
p=  054( 19.00000000,  88.00000000,   6.00000000)
p=  055( 19.00000000,  88.00000000,   6.00000000)
p=  056( 19.00000000,  88.00000000,   6.00000000)
p=  057( 19.00000000,  88.00000000,   6.00000000)
p=  058( 19.00000000,  88.00000000,   6.00000000)
p=  059( 19.00000000,  88.00000000,   6.00000000)
p=  060( 19.00000000,  88.00000000,   6.00000000)
p=  061( 19.00000000,  88.00000000,   6.00000000)
p=  062( 19.00000000,  88.00000000,   6.00000000)
p=  063( 19.00000000,  88.00000000,   6.00000000)
p=  064( 19.00000000,  88.00000000,   6.00000000)
p=  065( 19.00000000,  88.00000000,   6.00000000)
p=  066( 19.00000000,  88.00000000,   6.00000000)
p=  067( 19.00000000,  88.00000000,   6.00000000)
p=  068( 19.00000000,  88.00000000,   6.00000000)
p=  069( 19.00000000,  88.00000000,   6.00000000)
p=  070( 19.00000000,  88.00000000,   6.00000000)
p=  071( 19.00000000,  88.00000000,   6.00000000)
p=  072( 19.00000000,  88.00000000,   6.00000000)
p=  073( 19.00000000,  88.00000000,   6.00000000)
p=  074( 19.00000000,  88.00000000,   6.00000000)
p=  075( 19.00000000,  88.00000000,   6.00000000)
p=  076( 19.00000000,  88.00000000,   6.00000000)
p=  077( 19.00000000,  88.00000000,   6.00000000)
p=  078( 19.00000000,  88.00000000,   6.00000000)
p=  079( 19.00000000,  88.00000000,   6.00000000)
p=  080( 19.00000000,  88.00000000,   6.00000000)
p=  081( 19.00000000,  88.00000000,   6.00000000)
p=  082( 19.00000000,  88.00000000,   6.00000000)
p=  083( 19.00000000,  88.00000000,   6.00000000)
p=  084( 19.00000000,  88.00000000,   6.00000000)
p=  085( 19.00000000,  88.00000000,   6.00000000)
p=  086( 19.00000000,  88.00000000,   6.00000000)
p=  087( 19.00000000,  88.00000000,   6.00000000)
p=  088( 19.00000000,  88.00000000,   6.00000000)
p=  089( 19.00000000,  88.00000000,   6.00000000)
p=  090( 19.00000000,  88.00000000,   6.00000000)
p=  091( 19.00000000,  88.00000000,   6.00000000)
p=  092( 19.00000000,  88.00000000,   6.00000000)
p=  093( 19.00000000,  88.00000000,   6.00000000)
p=  094( 19.00000000,  88.00000000,   6.00000000)
p=  095( 19.00000000,  88.00000000,   6.00000000)
p=  096( 19.00000000,  88.00000000,   6.00000000)
p=  097( 19.00000000,  88.00000000,   6.00000000)
p=  098( 19.00000000,  88.00000000,   6.00000000)
p=  099( 19.00000000,  88.00000000,   6.00000000)
p=  100( 19.00000000,  88.00000000,   6.00000000)
p=  001( 12.00000000,  97.00000000,  70.00000000)
p=  002( 12.00000000,  97.00000000,  70.00000000)
p=  003( 12.00000000,  97.00000000,  70.00000000)
p=  004( 12.00000000,  97.00000000,  70.00000000)
p=  005( 12.00000000,  97.00000000,  70.00000000)
p=  006( 12.00000000,  97.00000000,  70.00000000)
p=  007( 12.00000000,  97.00000000,  70.00000000)
p=  008( 12.00000000,  97.00000000,  70.00000000)
p=  009( 12.00000000,  97.00000000,  70.00000000)
p=  010( 12.00000000,  97.00000000,  70.00000000)
p=  011( 12.00000000,  97.00000000,  70.00000000)
p=  012( 12.00000000,  97.00000000,  70.00000000)
p=  013( 12.00000000,  97.00000000,  70.00000000)
p=  014( 12.00000000,  97.00000000,  70.00000000)
p=  015( 12.00000000,  97.00000000,  70.00000000)
p=  016( 12.00000000,  97.00000000,  70.00000000)
p=  017( 12.00000000,  97.00000000,  70.00000000)
p=  018( 12.00000000,  97.00000000,  70.00000000)
p=  019( 12.00000000,  97.00000000,  70.00000000)
p=  020( 12.00000000,  97.00000000,  70.00000000)
p=  021( 12.00000000,  97.00000000,  70.00000000)
p=  022( 12.00000000,  97.00000000,  70.00000000)
p=  023( 12.00000000,  97.00000000,  70.00000000)
p=  024( 12.00000000,  97.00000000,  70.00000000)
p=  025( 12.00000000,  97.00000000,  70.00000000)
p=  026( 12.00000000,  97.00000000,  70.00000000)
p=  027( 12.00000000,  97.00000000,  70.00000000)
p=  028( 12.00000000,  97.00000000,  70.00000000)
p=  029( 12.00000000,  97.00000000,  70.00000000)
p=  030( 12.00000000,  97.00000000,  70.00000000)
p=  031( 12.00000000,  97.00000000,  70.00000000)
p=  032( 12.00000000,  97.00000000,  70.00000000)
p=  033( 12.00000000,  97.00000000,  70.00000000)
p=  034( 12.00000000,  97.00000000,  70.00000000)
p=  035( 12.00000000,  97.00000000,  70.00000000)
p=  036( 12.00000000,  97.00000000,  70.00000000)
p=  037( 12.00000000,  97.00000000,  70.00000000)
p=  038( 12.00000000,  97.00000000,  70.00000000)
p=  039( 12.00000000,  97.00000000,  70.00000000)
p=  040( 12.00000000,  97.00000000,  70.00000000)
p=  041( 12.00000000,  97.00000000,  70.00000000)
p=  042( 12.00000000,  97.00000000,  70.00000000)
p=  043( 12.00000000,  97.00000000,  70.00000000)
p=  044( 12.00000000,  97.00000000,  70.00000000)
p=  045( 12.00000000,  97.00000000,  70.00000000)
p=  046( 12.00000000,  97.00000000,  70.00000000)
p=  047( 12.00000000,  97.00000000,  70.00000000)
p=  048( 12.00000000,  97.00000000,  70.00000000)
p=  049( 12.00000000,  97.00000000,  70.00000000)
p=  050( 12.00000000,  97.00000000,  70.00000000)
p=  051( 12.00000000,  97.00000000,  70.00000000)
p=  052( 12.00000000,  97.00000000,  70.00000000)
p=  053( 12.00000000,  97.00000000,  70.00000000)
p=  054( 12.00000000,  97.00000000,  70.00000000)
p=  055( 12.00000000,  97.00000000,  70.00000000)
p=  056( 12.00000000,  97.00000000,  70.00000000)
p=  057( 12.00000000,  97.00000000,  70.00000000)
p=  058( 12.00000000,  97.00000000,  70.00000000)
p=  059( 12.00000000,  97.00000000,  70.00000000)
p=  060( 12.00000000,  97.00000000,  70.00000000)
p=  061( 12.00000000,  97.00000000,  70.00000000)
p=  062( 12.00000000,  97.00000000,  70.00000000)
p=  063( 12.00000000,  97.00000000,  70.00000000)
p=  064( 12.00000000,  97.00000000,  70.00000000)
p=  065( 12.00000000,  97.00000000,  70.00000000)
p=  066( 12.00000000,  97.00000000,  70.00000000)
p=  067( 12.00000000,  97.00000000,  70.00000000)
p=  068( 12.00000000,  97.00000000,  70.00000000)
p=  069( 12.00000000,  97.00000000,  70.00000000)
p=  070( 12.00000000,  97.00000000,  70.00000000)
p=  071( 12.00000000,  97.00000000,  70.00000000)
p=  072( 12.00000000,  97.00000000,  70.00000000)
p=  073( 12.00000000,  97.00000000,  70.00000000)
p=  074( 12.00000000,  97.00000000,  70.00000000)
p=  075( 12.00000000,  97.00000000,  70.00000000)
p=  076( 12.00000000,  97.00000000,  70.00000000)
p=  077( 12.00000000,  97.00000000,  70.00000000)
p=  078( 12.00000000,  97.00000000,  70.00000000)
p=  079( 12.00000000,  97.00000000,  70.00000000)
p=  080( 12.00000000,  97.00000000,  70.00000000)
p=  081( 12.00000000,  97.00000000,  70.00000000)
p=  082( 12.00000000,  97.00000000,  70.00000000)
p=  083( 12.00000000,  97.00000000,  70.00000000)
p=  084( 12.00000000,  97.00000000,  70.00000000)
p=  085( 12.00000000,  97.00000000,  70.00000000)
p=  086( 12.00000000,  97.00000000,  70.00000000)
p=  087( 12.00000000,  97.00000000,  70.00000000)
p=  088( 12.00000000,  97.00000000,  70.00000000)
p=  089( 12.00000000,  97.00000000,  70.00000000)
p=  090( 12.00000000,  97.00000000,  70.00000000)
p=  091( 12.00000000,  97.00000000,  70.00000000)
p=  092( 12.00000000,  97.00000000,  70.00000000)
p=  093( 12.00000000,  97.00000000,  70.00000000)
p=  094( 12.00000000,  97.00000000,  70.00000000)
p=  095( 12.00000000,  97.00000000,  70.00000000)
p=  096( 12.00000000,  97.00000000,  70.00000000)
p=  097( 12.00000000,  97.00000000,  70.00000000)
p=  098( 12.00000000,  97.00000000,  70.00000000)
p=  099( 12.00000000,  97.00000000,  70.00000000)
p=  100( 12.00000000,  97.00000000,  70.00000000)
p=  001(  1.00000000,  23.00000000,  66.00000000)
p=  002(  1.00000000,  23.00000000,  66.00000000)
p=  003(  1.00000000,  23.00000000,  66.00000000)
p=  004(  1.00000000,  23.00000000,  66.00000000)
p=  005(  1.00000000,  23.00000000,  66.00000000)
p=  006(  1.00000000,  23.00000000,  66.00000000)
p=  007(  1.00000000,  23.00000000,  66.00000000)
p=  008(  1.00000000,  23.00000000,  66.00000000)
p=  009(  1.00000000,  23.00000000,  66.00000000)
p=  010(  1.00000000,  23.00000000,  66.00000000)
p=  011(  1.00000000,  23.00000000,  66.00000000)
p=  012(  1.00000000,  23.00000000,  66.00000000)
p=  013(  1.00000000,  23.00000000,  66.00000000)
p=  014(  1.00000000,  23.00000000,  66.00000000)
p=  015(  1.00000000,  23.00000000,  66.00000000)
p=  016(  1.00000000,  23.00000000,  66.00000000)
p=  017(  1.00000000,  23.00000000,  66.00000000)
p=  018(  1.00000000,  23.00000000,  66.00000000)
p=  019(  1.00000000,  23.00000000,  66.00000000)
p=  020(  1.00000000,  23.00000000,  66.00000000)
p=  021(  1.00000000,  23.00000000,  66.00000000)
p=  022(  1.00000000,  23.00000000,  66.00000000)
p=  023(  1.00000000,  23.00000000,  66.00000000)
p=  024(  1.00000000,  23.00000000,  66.00000000)
p=  025(  1.00000000,  23.00000000,  66.00000000)
p=  026(  1.00000000,  23.00000000,  66.00000000)
p=  027(  1.00000000,  23.00000000,  66.00000000)
p=  028(  1.00000000,  23.00000000,  66.00000000)
p=  029(  1.00000000,  23.00000000,  66.00000000)
p=  030(  1.00000000,  23.00000000,  66.00000000)
p=  031(  1.00000000,  23.00000000,  66.00000000)
p=  032(  1.00000000,  23.00000000,  66.00000000)
p=  033(  1.00000000,  23.00000000,  66.00000000)
p=  034(  1.00000000,  23.00000000,  66.00000000)
p=  035(  1.00000000,  23.00000000,  66.00000000)
p=  036(  1.00000000,  23.00000000,  66.00000000)
p=  037(  1.00000000,  23.00000000,  66.00000000)
p=  038(  1.00000000,  23.00000000,  66.00000000)
p=  039(  1.00000000,  23.00000000,  66.00000000)
p=  040(  1.00000000,  23.00000000,  66.00000000)
p=  041(  1.00000000,  23.00000000,  66.00000000)
p=  042(  1.00000000,  23.00000000,  66.00000000)
p=  043(  1.00000000,  23.00000000,  66.00000000)
p=  044(  1.00000000,  23.00000000,  66.00000000)
p=  045(  1.00000000,  23.00000000,  66.00000000)
p=  046(  1.00000000,  23.00000000,  66.00000000)
p=  047(  1.00000000,  23.00000000,  66.00000000)
p=  048(  1.00000000,  23.00000000,  66.00000000)
p=  049(  1.00000000,  23.00000000,  66.00000000)
p=  050(  1.00000000,  23.00000000,  66.00000000)
p=  051(  1.00000000,  23.00000000,  66.00000000)
p=  052(  1.00000000,  23.00000000,  66.00000000)
p=  053(  1.00000000,  23.00000000,  66.00000000)
p=  054(  1.00000000,  23.00000000,  66.00000000)
p=  055(  1.00000000,  23.00000000,  66.00000000)
p=  056(  1.00000000,  23.00000000,  66.00000000)
p=  057(  1.00000000,  23.00000000,  66.00000000)
p=  058(  1.00000000,  23.00000000,  66.00000000)
p=  059(  1.00000000,  23.00000000,  66.00000000)
p=  060(  1.00000000,  23.00000000,  66.00000000)
p=  061(  1.00000000,  23.00000000,  66.00000000)
p=  062(  1.00000000,  23.00000000,  66.00000000)
p=  063(  1.00000000,  23.00000000,  66.00000000)
p=  064(  1.00000000,  23.00000000,  66.00000000)
p=  065(  1.00000000,  23.00000000,  66.00000000)
p=  066(  1.00000000,  23.00000000,  66.00000000)
p=  067(  1.00000000,  23.00000000,  66.00000000)
p=  068(  1.00000000,  23.00000000,  66.00000000)
p=  069(  1.00000000,  23.00000000,  66.00000000)
p=  070(  1.00000000,  23.00000000,  66.00000000)
p=  071(  1.00000000,  23.00000000,  66.00000000)
p=  072(  1.00000000,  23.00000000,  66.00000000)
p=  073(  1.00000000,  23.00000000,  66.00000000)
p=  074(  1.00000000,  23.00000000,  66.00000000)
p=  075(  1.00000000,  23.00000000,  66.00000000)
p=  076(  1.00000000,  23.00000000,  66.00000000)
p=  077(  1.00000000,  23.00000000,  66.00000000)
p=  078(  1.00000000,  23.00000000,  66.00000000)
p=  079(  1.00000000,  23.00000000,  66.00000000)
p=  080(  1.00000000,  23.00000000,  66.00000000)
p=  081(  1.00000000,  23.00000000,  66.00000000)
p=  082(  1.00000000,  23.00000000,  66.00000000)
p=  083(  1.00000000,  23.00000000,  66.00000000)
p=  084(  1.00000000,  23.00000000,  66.00000000)
p=  085(  1.00000000,  23.00000000,  66.00000000)
p=  086(  1.00000000,  23.00000000,  66.00000000)
p=  087(  1.00000000,  23.00000000,  66.00000000)
p=  088(  1.00000000,  23.00000000,  66.00000000)
p=  089(  1.00000000,  23.00000000,  66.00000000)
p=  090(  1.00000000,  23.00000000,  66.00000000)
p=  091(  1.00000000,  23.00000000,  66.00000000)
p=  092(  1.00000000,  23.00000000,  66.00000000)
p=  093(  1.00000000,  23.00000000,  66.00000000)
p=  094(  1.00000000,  23.00000000,  66.00000000)
p=  095(  1.00000000,  23.00000000,  66.00000000)
p=  096(  0.00000000,  23.00000000,  66.00000000)
p=  097(  0.00000000,  23.00000000,  66.00000000)
p=  098(  0.00000000,  23.00000000,  66.00000000)
p=  099(  0.00000000,  23.00000000,  66.00000000)
p=  100(  0.00000000,  23.00000000,  66.00000000)
p=  001( 61.00000000,  59.00000000,  90.00000000)
p=  002( 61.00000000,  59.00000000,  90.00000000)
p=  003( 61.00000000,  59.00000000,  90.00000000)
p=  004( 61.00000000,  59.00000000,  90.00000000)
p=  005( 61.00000000,  59.00000000,  90.00000000)
p=  006( 61.00000000,  59.00000000,  90.00000000)
p=  007( 61.00000000,  59.00000000,  90.00000000)
p=  008( 61.00000000,  59.00000000,  90.00000000)
p=  009( 61.00000000,  59.00000000,  90.00000000)
p=  010( 61.00000000,  59.00000000,  90.00000000)
p=  011( 61.00000000,  59.00000000,  90.00000000)
p=  012( 61.00000000,  59.00000000,  90.00000000)
p=  013( 61.00000000,  59.00000000,  90.00000000)
p=  014( 61.00000000,  59.00000000,  90.00000000)
p=  015( 61.00000000,  59.00000000,  90.00000000)
p=  016( 61.00000000,  59.00000000,  90.00000000)
p=  017( 61.00000000,  59.00000000,  90.00000000)
p=  018( 61.00000000,  59.00000000,  90.00000000)
p=  019( 61.00000000,  59.00000000,  90.00000000)
p=  020( 61.00000000,  59.00000000,  90.00000000)
p=  021( 61.00000000,  59.00000000,  90.00000000)
p=  022( 61.00000000,  59.00000000,  90.00000000)
p=  023( 61.00000000,  59.00000000,  90.00000000)
p=  024( 61.00000000,  59.00000000,  90.00000000)
p=  025( 61.00000000,  59.00000000,  90.00000000)
p=  026( 61.00000000,  59.00000000,  90.00000000)
p=  027( 61.00000000,  59.00000000,  90.00000000)
p=  028( 61.00000000,  59.00000000,  90.00000000)
p=  029( 61.00000000,  59.00000000,  90.00000000)
p=  030( 61.00000000,  59.00000000,  90.00000000)
p=  031( 61.00000000,  59.00000000,  90.00000000)
p=  032( 61.00000000,  59.00000000,  90.00000000)
p=  033( 61.00000000,  59.00000000,  90.00000000)
p=  034( 61.00000000,  59.00000000,  90.00000000)
p=  035( 61.00000000,  59.00000000,  90.00000000)
p=  036( 61.00000000,  59.00000000,  90.00000000)
p=  037( 61.00000000,  59.00000000,  90.00000000)
p=  038( 61.00000000,  59.00000000,  90.00000000)
p=  039( 61.00000000,  59.00000000,  90.00000000)
p=  040( 61.00000000,  59.00000000,  90.00000000)
p=  041( 61.00000000,  59.00000000,  90.00000000)
p=  042( 61.00000000,  59.00000000,  90.00000000)
p=  043( 61.00000000,  59.00000000,  90.00000000)
p=  044( 61.00000000,  59.00000000,  90.00000000)
p=  045( 61.00000000,  59.00000000,  90.00000000)
p=  046( 61.00000000,  59.00000000,  90.00000000)
p=  047( 61.00000000,  59.00000000,  90.00000000)
p=  048( 61.00000000,  59.00000000,  90.00000000)
p=  049( 61.00000000,  59.00000000,  90.00000000)
p=  050( 61.00000000,  59.00000000,  90.00000000)
p=  051( 61.00000000,  59.00000000,  90.00000000)
p=  052( 61.00000000,  59.00000000,  90.00000000)
p=  053( 61.00000000,  59.00000000,  90.00000000)
p=  054( 61.00000000,  59.00000000,  90.00000000)
p=  055( 61.00000000,  59.00000000,  90.00000000)
p=  056( 61.00000000,  59.00000000,  90.00000000)
p=  057( 61.00000000,  59.00000000,  90.00000000)
p=  058( 61.00000000,  59.00000000,  90.00000000)
p=  059( 61.00000000,  59.00000000,  90.00000000)
p=  060( 61.00000000,  59.00000000,  90.00000000)
p=  061( 61.00000000,  59.00000000,  90.00000000)
p=  062( 61.00000000,  59.00000000,  90.00000000)
p=  063( 61.00000000,  59.00000000,  90.00000000)
p=  064( 61.00000000,  59.00000000,  90.00000000)
p=  065( 61.00000000,  59.00000000,  90.00000000)
p=  066( 61.00000000,  59.00000000,  90.00000000)
p=  067( 61.00000000,  59.00000000,  90.00000000)
p=  068( 61.00000000,  59.00000000,  90.00000000)
p=  069( 61.00000000,  59.00000000,  90.00000000)
p=  070( 61.00000000,  59.00000000,  90.00000000)
p=  071( 61.00000000,  59.00000000,  90.00000000)
p=  072( 61.00000000,  59.00000000,  90.00000000)
p=  073( 61.00000000,  59.00000000,  90.00000000)
p=  074( 61.00000000,  59.00000000,  90.00000000)
p=  075( 61.00000000,  59.00000000,  90.00000000)
p=  076( 61.00000000,  59.00000000,  90.00000000)
p=  077( 61.00000000,  59.00000000,  90.00000000)
p=  078( 61.00000000,  59.00000000,  90.00000000)
p=  079( 61.00000000,  59.00000000,  90.00000000)
p=  080( 61.00000000,  59.00000000,  90.00000000)
p=  081( 61.00000000,  59.00000000,  90.00000000)
p=  082( 61.00000000,  59.00000000,  90.00000000)
p=  083( 61.00000000,  59.00000000,  90.00000000)
p=  084( 61.00000000,  59.00000000,  90.00000000)
p=  085( 61.00000000,  59.00000000,  90.00000000)
p=  086( 61.00000000,  59.00000000,  90.00000000)
p=  087( 61.00000000,  59.00000000,  90.00000000)
p=  088( 61.00000000,  59.00000000,  90.00000000)
p=  089( 61.00000000,  59.00000000,  90.00000000)
p=  090( 61.00000000,  59.00000000,  90.00000000)
p=  091( 61.00000000,  59.00000000,  90.00000000)
p=  092( 61.00000000,  59.00000000,  90.00000000)
p=  093( 61.00000000,  59.00000000,  90.00000000)
p=  094( 61.00000000,  59.00000000,  90.00000000)
p=  095( 61.00000000,  59.00000000,  90.00000000)
p=  096( 61.00000000,  59.00000000,  90.00000000)
p=  097( 61.00000000,  59.00000000,  90.00000000)
p=  098( 61.00000000,  59.00000000,  90.00000000)
p=  099( 61.00000000,  59.00000000,  90.00000000)
p=  100( 61.00000000,  59.00000000,  90.00000000)
p=  001( 91.00000000,  54.00000000,  83.00000000)
p=  002( 91.00000000,  54.00000000,  83.00000000)
p=  003( 91.00000000,  54.00000000,  83.00000000)
p=  004( 91.00000000,  54.00000000,  83.00000000)
p=  005( 91.00000000,  54.00000000,  83.00000000)
p=  006( 91.00000000,  54.00000000,  83.00000000)
p=  007( 91.00000000,  54.00000000,  83.00000000)
p=  008( 91.00000000,  54.00000000,  83.00000000)
p=  009( 91.00000000,  54.00000000,  83.00000000)
p=  010( 91.00000000,  54.00000000,  83.00000000)
p=  011( 91.00000000,  54.00000000,  83.00000000)
p=  012( 91.00000000,  54.00000000,  83.00000000)
p=  013( 91.00000000,  54.00000000,  83.00000000)
p=  014( 91.00000000,  54.00000000,  83.00000000)
p=  015( 91.00000000,  54.00000000,  83.00000000)
p=  016( 91.00000000,  54.00000000,  83.00000000)
p=  017( 91.00000000,  54.00000000,  83.00000000)
p=  018( 91.00000000,  54.00000000,  83.00000000)
p=  019( 91.00000000,  54.00000000,  83.00000000)
p=  020( 91.00000000,  54.00000000,  83.00000000)
p=  021( 91.00000000,  54.00000000,  83.00000000)
p=  022( 91.00000000,  54.00000000,  83.00000000)
p=  023( 91.00000000,  54.00000000,  83.00000000)
p=  024( 91.00000000,  54.00000000,  83.00000000)
p=  025( 91.00000000,  54.00000000,  83.00000000)
p=  026( 91.00000000,  54.00000000,  83.00000000)
p=  027( 91.00000000,  54.00000000,  83.00000000)
p=  028( 91.00000000,  54.00000000,  83.00000000)
p=  029( 91.00000000,  54.00000000,  83.00000000)
p=  030( 91.00000000,  54.00000000,  83.00000000)
p=  031( 91.00000000,  54.00000000,  83.00000000)
p=  032( 91.00000000,  54.00000000,  83.00000000)
p=  033( 91.00000000,  54.00000000,  83.00000000)
p=  034( 91.00000000,  54.00000000,  83.00000000)
p=  035( 91.00000000,  54.00000000,  83.00000000)
p=  036( 91.00000000,  54.00000000,  83.00000000)
p=  037( 91.00000000,  54.00000000,  83.00000000)
p=  038( 91.00000000,  54.00000000,  83.00000000)
p=  039( 91.00000000,  54.00000000,  83.00000000)
p=  040( 91.00000000,  54.00000000,  83.00000000)
p=  041( 91.00000000,  54.00000000,  83.00000000)
p=  042( 91.00000000,  54.00000000,  83.00000000)
p=  043( 91.00000000,  54.00000000,  83.00000000)
p=  044( 91.00000000,  54.00000000,  83.00000000)
p=  045( 91.00000000,  54.00000000,  83.00000000)
p=  046( 91.00000000,  54.00000000,  83.00000000)
p=  047( 91.00000000,  54.00000000,  83.00000000)
p=  048( 91.00000000,  54.00000000,  83.00000000)
p=  049( 91.00000000,  54.00000000,  83.00000000)
p=  050( 91.00000000,  54.00000000,  83.00000000)
p=  051( 91.00000000,  54.00000000,  83.00000000)
p=  052( 91.00000000,  54.00000000,  83.00000000)
p=  053( 91.00000000,  54.00000000,  83.00000000)
p=  054( 91.00000000,  54.00000000,  83.00000000)
p=  055( 91.00000000,  54.00000000,  83.00000000)
p=  056( 91.00000000,  54.00000000,  83.00000000)
p=  057( 91.00000000,  54.00000000,  83.00000000)
p=  058( 91.00000000,  54.00000000,  83.00000000)
p=  059( 91.00000000,  54.00000000,  83.00000000)
p=  060( 91.00000000,  54.00000000,  83.00000000)
p=  061( 91.00000000,  54.00000000,  83.00000000)
p=  062( 91.00000000,  54.00000000,  83.00000000)
p=  063( 91.00000000,  54.00000000,  83.00000000)
p=  064( 91.00000000,  54.00000000,  83.00000000)
p=  065( 91.00000000,  54.00000000,  83.00000000)
p=  066( 91.00000000,  54.00000000,  83.00000000)
p=  067( 91.00000000,  54.00000000,  83.00000000)
p=  068( 91.00000000,  54.00000000,  83.00000000)
p=  069( 91.00000000,  54.00000000,  83.00000000)
p=  070( 91.00000000,  54.00000000,  83.00000000)
p=  071( 91.00000000,  54.00000000,  83.00000000)
p=  072( 91.00000000,  54.00000000,  83.00000000)
p=  073( 91.00000000,  54.00000000,  83.00000000)
p=  074( 91.00000000,  54.00000000,  83.00000000)
p=  075( 91.00000000,  54.00000000,  83.00000000)
p=  076( 91.00000000,  54.00000000,  83.00000000)
p=  077( 91.00000000,  54.00000000,  83.00000000)
p=  078( 91.00000000,  54.00000000,  83.00000000)
p=  079( 91.00000000,  54.00000000,  83.00000000)
p=  080( 91.00000000,  54.00000000,  83.00000000)
p=  081( 91.00000000,  54.00000000,  83.00000000)
p=  082( 91.00000000,  54.00000000,  83.00000000)
p=  083( 91.00000000,  54.00000000,  83.00000000)
p=  084( 91.00000000,  54.00000000,  83.00000000)
p=  085( 91.00000000,  54.00000000,  83.00000000)
p=  086( 91.00000000,  54.00000000,  83.00000000)
p=  087( 91.00000000,  54.00000000,  83.00000000)
p=  088( 91.00000000,  54.00000000,  83.00000000)
p=  089( 91.00000000,  54.00000000,  83.00000000)
p=  090( 91.00000000,  54.00000000,  83.00000000)
p=  091( 91.00000000,  54.00000000,  83.00000000)
p=  092( 91.00000000,  54.00000000,  83.00000000)
p=  093( 91.00000000,  54.00000000,  83.00000000)
p=  094( 91.00000000,  54.00000000,  83.00000000)
p=  095( 91.00000000,  54.00000000,  83.00000000)
p=  096( 91.00000000,  54.00000000,  83.00000000)
p=  097( 91.00000000,  54.00000000,  83.00000000)
p=  098( 91.00000000,  54.00000000,  83.00000000)
p=  099( 91.00000000,  54.00000000,  83.00000000)
p=  100( 91.00000000,  54.00000000,  83.00000000)
p=  001( 19.00000000,  48.00000000,  63.00000000)
p=  002( 19.00000000,  48.00000000,  63.00000000)
p=  003( 19.00000000,  48.00000000,  63.00000000)
p=  004( 19.00000000,  48.00000000,  63.00000000)
p=  005( 19.00000000,  48.00000000,  63.00000000)
p=  006( 19.00000000,  48.00000000,  63.00000000)
p=  007( 19.00000000,  48.00000000,  63.00000000)
p=  008( 19.00000000,  48.00000000,  63.00000000)
p=  009( 19.00000000,  48.00000000,  63.00000000)
p=  010( 19.00000000,  48.00000000,  63.00000000)
p=  011( 19.00000000,  48.00000000,  63.00000000)
p=  012( 19.00000000,  48.00000000,  63.00000000)
p=  013( 19.00000000,  48.00000000,  63.00000000)
p=  014( 19.00000000,  48.00000000,  63.00000000)
p=  015( 19.00000000,  48.00000000,  63.00000000)
p=  016( 19.00000000,  48.00000000,  63.00000000)
p=  017( 19.00000000,  48.00000000,  63.00000000)
p=  018( 19.00000000,  48.00000000,  63.00000000)
p=  019( 19.00000000,  48.00000000,  63.00000000)
p=  020( 19.00000000,  48.00000000,  63.00000000)
p=  021( 19.00000000,  48.00000000,  63.00000000)
p=  022( 19.00000000,  48.00000000,  63.00000000)
p=  023( 19.00000000,  48.00000000,  63.00000000)
p=  024( 19.00000000,  48.00000000,  63.00000000)
p=  025( 19.00000000,  48.00000000,  63.00000000)
p=  026( 19.00000000,  48.00000000,  63.00000000)
p=  027( 19.00000000,  48.00000000,  63.00000000)
p=  028( 19.00000000,  48.00000000,  63.00000000)
p=  029( 19.00000000,  48.00000000,  63.00000000)
p=  030( 19.00000000,  48.00000000,  63.00000000)
p=  031( 19.00000000,  48.00000000,  63.00000000)
p=  032( 19.00000000,  48.00000000,  63.00000000)
p=  033( 19.00000000,  48.00000000,  63.00000000)
p=  034( 19.00000000,  48.00000000,  63.00000000)
p=  035( 19.00000000,  48.00000000,  63.00000000)
p=  036( 19.00000000,  48.00000000,  63.00000000)
p=  037( 19.00000000,  48.00000000,  63.00000000)
p=  038( 19.00000000,  48.00000000,  63.00000000)
p=  039( 19.00000000,  48.00000000,  63.00000000)
p=  040( 19.00000000,  48.00000000,  63.00000000)
p=  041( 19.00000000,  48.00000000,  63.00000000)
p=  042( 19.00000000,  48.00000000,  63.00000000)
p=  043( 19.00000000,  48.00000000,  63.00000000)
p=  044( 19.00000000,  48.00000000,  63.00000000)
p=  045( 19.00000000,  48.00000000,  63.00000000)
p=  046( 19.00000000,  48.00000000,  63.00000000)
p=  047( 19.00000000,  48.00000000,  63.00000000)
p=  048( 19.00000000,  48.00000000,  63.00000000)
p=  049( 19.00000000,  48.00000000,  63.00000000)
p=  050( 19.00000000,  48.00000000,  63.00000000)
p=  051( 19.00000000,  48.00000000,  63.00000000)
p=  052( 19.00000000,  48.00000000,  63.00000000)
p=  053( 19.00000000,  48.00000000,  63.00000000)
p=  054( 19.00000000,  48.00000000,  63.00000000)
p=  055( 19.00000000,  48.00000000,  63.00000000)
p=  056( 19.00000000,  48.00000000,  63.00000000)
p=  057( 19.00000000,  48.00000000,  63.00000000)
p=  058( 19.00000000,  48.00000000,  63.00000000)
p=  059( 19.00000000,  48.00000000,  63.00000000)
p=  060( 19.00000000,  48.00000000,  63.00000000)
p=  061( 19.00000000,  48.00000000,  63.00000000)
p=  062( 19.00000000,  48.00000000,  63.00000000)
p=  063( 19.00000000,  48.00000000,  63.00000000)
p=  064( 19.00000000,  48.00000000,  63.00000000)
p=  065( 19.00000000,  48.00000000,  63.00000000)
p=  066( 19.00000000,  48.00000000,  63.00000000)
p=  067( 19.00000000,  48.00000000,  63.00000000)
p=  068( 19.00000000,  48.00000000,  63.00000000)
p=  069( 19.00000000,  48.00000000,  63.00000000)
p=  070( 19.00000000,  48.00000000,  63.00000000)
p=  071( 19.00000000,  48.00000000,  63.00000000)
p=  072( 19.00000000,  48.00000000,  63.00000000)
p=  073( 19.00000000,  48.00000000,  63.00000000)
p=  074( 19.00000000,  48.00000000,  63.00000000)
p=  075( 19.00000000,  48.00000000,  63.00000000)
p=  076( 19.00000000,  48.00000000,  63.00000000)
p=  077( 19.00000000,  48.00000000,  63.00000000)
p=  078( 19.00000000,  48.00000000,  63.00000000)
p=  079( 19.00000000,  48.00000000,  63.00000000)
p=  080( 19.00000000,  48.00000000,  63.00000000)
p=  081( 19.00000000,  48.00000000,  63.00000000)
p=  082( 19.00000000,  48.00000000,  63.00000000)
p=  083( 19.00000000,  48.00000000,  63.00000000)
p=  084( 19.00000000,  48.00000000,  63.00000000)
p=  085( 19.00000000,  48.00000000,  63.00000000)
p=  086( 19.00000000,  48.00000000,  63.00000000)
p=  087( 19.00000000,  48.00000000,  63.00000000)
p=  088( 19.00000000,  48.00000000,  63.00000000)
p=  089( 19.00000000,  48.00000000,  63.00000000)
p=  090( 19.00000000,  48.00000000,  63.00000000)
p=  091( 19.00000000,  48.00000000,  63.00000000)
p=  092( 19.00000000,  48.00000000,  63.00000000)
p=  093( 19.00000000,  48.00000000,  63.00000000)
p=  094( 19.00000000,  48.00000000,  63.00000000)
p=  095( 19.00000000,  48.00000000,  63.00000000)
p=  096( 19.00000000,  48.00000000,  63.00000000)
p=  097( 19.00000000,  48.00000000,  63.00000000)
p=  098( 19.00000000,  48.00000000,  63.00000000)
p=  099( 19.00000000,  48.00000000,  63.00000000)
p=  100( 19.00000000,  48.00000000,  63.00000000)
p=  001( 61.00000000,  56.00000000,  72.00000000)
p=  002( 61.00000000,  56.00000000,  72.00000000)
p=  003( 61.00000000,  56.00000000,  72.00000000)
p=  004( 61.00000000,  56.00000000,  72.00000000)
p=  005( 61.00000000,  56.00000000,  72.00000000)
p=  006( 61.00000000,  56.00000000,  72.00000000)
p=  007( 61.00000000,  56.00000000,  72.00000000)
p=  008( 61.00000000,  56.00000000,  72.00000000)
p=  009( 61.00000000,  56.00000000,  72.00000000)
p=  010( 61.00000000,  56.00000000,  72.00000000)
p=  011( 61.00000000,  56.00000000,  72.00000000)
p=  012( 61.00000000,  56.00000000,  72.00000000)
p=  013( 61.00000000,  56.00000000,  72.00000000)
p=  014( 61.00000000,  56.00000000,  72.00000000)
p=  015( 61.00000000,  56.00000000,  72.00000000)
p=  016( 61.00000000,  56.00000000,  72.00000000)
p=  017( 61.00000000,  56.00000000,  72.00000000)
p=  018( 61.00000000,  56.00000000,  72.00000000)
p=  019( 61.00000000,  56.00000000,  72.00000000)
p=  020( 61.00000000,  56.00000000,  72.00000000)
p=  021( 61.00000000,  56.00000000,  72.00000000)
p=  022( 61.00000000,  56.00000000,  72.00000000)
p=  023( 61.00000000,  56.00000000,  72.00000000)
p=  024( 61.00000000,  56.00000000,  72.00000000)
p=  025( 61.00000000,  56.00000000,  72.00000000)
p=  026( 61.00000000,  56.00000000,  72.00000000)
p=  027( 61.00000000,  56.00000000,  72.00000000)
p=  028( 61.00000000,  56.00000000,  72.00000000)
p=  029( 61.00000000,  56.00000000,  72.00000000)
p=  030( 61.00000000,  56.00000000,  72.00000000)
p=  031( 61.00000000,  56.00000000,  72.00000000)
p=  032( 61.00000000,  56.00000000,  72.00000000)
p=  033( 61.00000000,  56.00000000,  72.00000000)
p=  034( 61.00000000,  56.00000000,  72.00000000)
p=  035( 61.00000000,  56.00000000,  72.00000000)
p=  036( 61.00000000,  56.00000000,  72.00000000)
p=  037( 61.00000000,  56.00000000,  72.00000000)
p=  038( 61.00000000,  56.00000000,  72.00000000)
p=  039( 61.00000000,  56.00000000,  72.00000000)
p=  040( 61.00000000,  56.00000000,  72.00000000)
p=  041( 61.00000000,  56.00000000,  72.00000000)
p=  042( 61.00000000,  56.00000000,  72.00000000)
p=  043( 61.00000000,  56.00000000,  72.00000000)
p=  044( 61.00000000,  56.00000000,  72.00000000)
p=  045( 61.00000000,  56.00000000,  72.00000000)
p=  046( 61.00000000,  56.00000000,  72.00000000)
p=  047( 61.00000000,  56.00000000,  72.00000000)
p=  048( 61.00000000,  56.00000000,  72.00000000)
p=  049( 61.00000000,  56.00000000,  72.00000000)
p=  050( 61.00000000,  56.00000000,  72.00000000)
p=  051( 61.00000000,  56.00000000,  72.00000000)
p=  052( 61.00000000,  56.00000000,  72.00000000)
p=  053( 61.00000000,  56.00000000,  72.00000000)
p=  054( 61.00000000,  56.00000000,  72.00000000)
p=  055( 61.00000000,  56.00000000,  72.00000000)
p=  056( 61.00000000,  56.00000000,  72.00000000)
p=  057( 61.00000000,  56.00000000,  72.00000000)
p=  058( 61.00000000,  56.00000000,  72.00000000)
p=  059( 61.00000000,  56.00000000,  72.00000000)
p=  060( 61.00000000,  56.00000000,  72.00000000)
p=  061( 61.00000000,  56.00000000,  72.00000000)
p=  062( 61.00000000,  56.00000000,  72.00000000)
p=  063( 61.00000000,  56.00000000,  72.00000000)
p=  064( 61.00000000,  56.00000000,  72.00000000)
p=  065( 61.00000000,  56.00000000,  72.00000000)
p=  066( 61.00000000,  56.00000000,  72.00000000)
p=  067( 61.00000000,  56.00000000,  72.00000000)
p=  068( 61.00000000,  56.00000000,  72.00000000)
p=  069( 61.00000000,  56.00000000,  72.00000000)
p=  070( 61.00000000,  56.00000000,  72.00000000)
p=  071( 61.00000000,  56.00000000,  72.00000000)
p=  072( 61.00000000,  56.00000000,  72.00000000)
p=  073( 61.00000000,  56.00000000,  72.00000000)
p=  074( 61.00000000,  56.00000000,  72.00000000)
p=  075( 61.00000000,  56.00000000,  72.00000000)
p=  076( 61.00000000,  56.00000000,  72.00000000)
p=  077( 61.00000000,  56.00000000,  72.00000000)
p=  078( 61.00000000,  56.00000000,  72.00000000)
p=  079( 61.00000000,  56.00000000,  72.00000000)
p=  080( 61.00000000,  56.00000000,  72.00000000)
p=  081( 61.00000000,  56.00000000,  72.00000000)
p=  082( 61.00000000,  56.00000000,  72.00000000)
p=  083( 61.00000000,  56.00000000,  72.00000000)
p=  084( 61.00000000,  56.00000000,  72.00000000)
p=  085( 61.00000000,  56.00000000,  72.00000000)
p=  086( 61.00000000,  56.00000000,  72.00000000)
p=  087( 61.00000000,  56.00000000,  72.00000000)
p=  088( 61.00000000,  56.00000000,  72.00000000)
p=  089( 61.00000000,  56.00000000,  72.00000000)
p=  090( 61.00000000,  56.00000000,  72.00000000)
p=  091( 61.00000000,  56.00000000,  72.00000000)
p=  092( 61.00000000,  56.00000000,  72.00000000)
p=  093( 61.00000000,  56.00000000,  72.00000000)
p=  094( 61.00000000,  56.00000000,  72.00000000)
p=  095( 61.00000000,  56.00000000,  72.00000000)
p=  096( 61.00000000,  56.00000000,  72.00000000)
p=  097( 61.00000000,  56.00000000,  72.00000000)
p=  098( 61.00000000,  56.00000000,  72.00000000)
p=  099( 61.00000000,  56.00000000,  72.00000000)
p=  100( 61.00000000,  56.00000000,  72.00000000)
