p=  001( 30.62497000,  76.13052000,  75.00000000)
p=  002( 68.85718000,  33.33335000,  63.05852000)
p=  003( 85.06504000,  48.13100000,  24.02383000)
p=  004( 28.68330000,  14.29318000,  42.00001000)
p=  005( 63.33332000,  31.17284000,  30.00000000)
p=  006( 92.82540000,  71.20288000,  90.03268000)
p=  007(  7.51947000,  36.81548000,  96.91667000)
p=  008( 19.98888000,  92.38571000,  21.94444000)
p=  009( 15.93340000,  98.33332000,  99.00000000)
p=  010( 98.33332000,  67.93750000,  54.00000000)
p=  011( 52.00000000,  59.00000000,  65.00000000)
p=  012( 35.78571000,  65.00000000,  21.77858000)
p=  013( 97.00000000,  50.00000000,   1.00000000)
p=  014( 79.78578000,  35.44816000,  39.04574000)
p=  015( 67.41666000,   0.00000000,  33.00000000)
p=  016( 99.33332000,  72.28572000,   6.00000000)
p=  017( 13.39023000,  43.25616000,  51.92858000)
p=  018( 82.96663000,   7.92309000,  96.98453000)
p=  019(  0.80001000,  38.77618000,  15.00000000)
p=  020( 21.41178000,  64.00002000,  51.99519000)
p=  021( 24.37500000,  40.93221000,  82.89500000)
p=  022( 24.63383000,  77.81814000,  81.00000000)
p=  023( 68.94050000,  18.56111000,  39.00000000)
p=  024( 27.20678000,  48.85713000,  81.90000000)
p=  025( 90.86107000,  71.20005000,   0.00000000)
p=  026( 36.00000000,  49.00000000,  22.00000000)
p=  027( 16.65970000,  23.99272000,  93.94444000)
p=  028( 95.28578000,  61.71785000,  96.02779000)
p=  029(  3.56664000,  33.06023000,  18.00000000)
p=  030( 44.00000000,  46.00000000,  17.00000000)
p=  031( 19.00328000,  65.29826000,   6.00000000)
p=  032( 70.97224000,   5.90906000,  42.00000000)
p=  033( 99.33332000,  66.62861000,  96.01554000)
p=  034( 19.00328000,  77.81814000,  66.00000000)
p=  035( 67.13823000,  69.39212000,  96.90909000)
p=  036( 17.58825000,  67.63485000,  69.00000000)
p=  037( 70.08336000,  39.30552000,  90.00000000)
p=  038( 32.73334000,  90.54444000,  42.00000000)
p=  039( 11.99221000,  19.26643000,   6.93333000)
p=  040(  5.59970000,  75.56667000,   2.12075000)
p=  041( 12.21207000,  79.40002000,  12.02378000)
p=  042( 69.45836000,   1.83334000,   0.00000000)
p=  043(  0.90906000,  34.06391000,  69.88889000)
p=  044( 10.90365000,  68.20153000,  23.00430000)
p=  045( 44.00000000,  44.00000000,  31.00000000)
p=  046( 81.55141000,  30.10816000,  24.00000000)
p=  047( 19.99666000,  82.22914000,  84.00000000)
p=  048( 73.17388000,  24.83326000,  50.38665000)
p=  049( 61.00000000,  40.00000000,  26.00000000)
p=  050(  0.83333000,   7.51192000,  84.50000000)
p=  051(  5.29997000,  39.46462000,   9.90909000)
p=  052( 64.62497000,  75.03620000,  42.90000000)
p=  053( 87.11897000,  93.59974000,  56.02515000)
p=  054( 96.00586000,  85.33322000,  64.93403000)
p=  055(  7.36906000,  84.25876000,  33.04534000)
p=  056( 68.08334000,   1.75001000,  42.00000000)
p=  057( 38.03333000,  48.80001000,   3.00000000)
p=  058( 58.00000000,  40.00000000,  14.00000000)
p=  059( 45.00000000,  59.00000000,  92.00000000)
p=  060( 70.36111000,  66.73086000,  24.00075000)
p=  061( 30.37497000,  66.14114000,   6.00000000)
p=  062( 30.12497000,  99.00003000,  15.00000000)
p=  063( 80.95560000,  34.71435000,  48.94444000)
p=  064( 31.42855000,  70.95238000,  75.00000000)
p=  065( 26.73215000,  69.89685000,  54.00000000)
p=  066( 77.83038000,  35.71014000,  54.05840000)
p=  067(  0.83334000,   7.94050000,  87.75000000)
p=  068( 42.00000000,  40.00000000,  14.00000000)
p=  069( 90.11109000,  32.31252000,  75.00000000)
p=  070( 55.00000000,  59.00000000,  83.00000000)
p=  071( 75.36349000,  10.52864000,  66.00000000)
p=  072( 65.83332000,  48.33331000,  63.00000000)
p=  073( 55.00000000,  41.00000000,  58.00000000)
p=  074( 73.26110000,  26.81814000,  15.00000000)
p=  075( 13.09131000,  12.92774000,   0.00000000)
p=  076( 29.29803000,   9.48993000,  93.05243000)
p=  077( 84.52545000,  88.33981000,  69.00000000)
p=  078( 30.48607000,  48.87497000,   3.75000000)
p=  079( 24.42219000,  99.00000000,  24.00000000)
p=  080( 20.99589000,  99.09167000,  24.01786000)
p=  081( 85.71435000,  66.93885000,  81.00000000)
p=  082( 66.08332000,   0.50000000,   0.00000000)
p=  083( 60.00000000,  40.00000000,  20.00000000)
p=  084( 28.37618000,  91.20072000,  69.06566000)
p=  085( 11.05634000,  27.59761000,   3.95290000)
p=  086( 30.99997000,  98.33332000,  81.00000000)
p=  087( 68.94050000,  34.85721000,  78.00000000)
p=  088( 66.90906000,  85.63383000,  90.00000000)
p=  089( 82.79998000,  89.09326000,  52.98871000)
p=  090( 23.19445000,  98.03848000,  30.03335000)
p=  091( 60.00000000,  40.00000000,   2.00000000)
p=  092( 43.00003000,  39.66664000,  42.00000000)
p=  093( 92.52665000,  80.45247000,  58.98867000)
p=  094( 31.14283000,  90.22223000,   6.00000000)
p=  095( 26.95454000,  98.00000000,  69.90909000)
p=  096(  7.23571000,  37.64395000,  66.94653000)
p=  097( 64.56664000,  63.26110000,  90.00000000)
p=  098( 98.00003000,  60.44447000,  84.33332000)
p=  099( 77.60276000,  81.66253000,  63.94444000)
p=  100( 72.84248000,  61.60003000,  72.00000000)
p=  001( 30.49997000,  76.17400000,  75.00000000)
p=  002( 69.00004000,  33.40002000,  63.05852000)
p=  003( 85.06504000,  48.13100000,  24.02383000)
p=  004( 28.78330000,  14.36461000,  42.00001000)
p=  005( 63.83332000,  31.23166000,  30.00000000)
p=  006( 92.96826000,  71.25288000,  90.03268000)
p=  007(  7.37661000,  36.73215000,  96.91667000)
p=  008( 19.98888000,  92.52857000,  21.94444000)
p=  009( 16.00007000,  99.33332000,  99.00000000)
p=  010( 99.33332000,  67.93750000,  54.00000000)
p=  011( 52.00000000,  59.00000000,  65.00000000)
p=  012( 35.45238000,  64.92857000,  21.77858000)
p=  013( 98.00000000,  50.00000000,   1.00000000)
p=  014( 79.84134000,  35.52508000,  39.04574000)
p=  015( 67.41666000,   1.00000000,  33.00000000)
p=  016( 98.33332000,  72.28572000,   6.00000000)
p=  017( 13.31331000,  43.05616000,  51.92858000)
p=  018( 82.90781000,   7.78023000,  96.98453000)
p=  019(  1.80001000,  38.77618000,  15.00000000)
p=  020( 21.35296000,  63.92310000,  51.99519000)
p=  021( 24.25000000,  40.93221000,  82.96643000)
p=  022( 24.56240000,  77.86359000,  81.00000000)
p=  023( 69.08336000,  18.50555000,  39.00000000)
p=  024( 27.29769000,  48.85713000,  81.90000000)
p=  025( 90.97218000,  71.25005000,   0.00000000)
p=  026( 35.00000000,  49.00000000,  22.00000000)
p=  027( 16.59720000,  24.03620000,  93.94444000)
p=  028( 95.53578000,  61.81785000,  96.02779000)
p=  029(  3.23331000,  32.99356000,  18.00000000)
p=  030( 44.00000000,  46.00000000,  17.00000000)
p=  031( 19.00328000,  65.22683000,   6.00000000)
p=  032( 71.08335000,   5.70906000,  42.00000000)
p=  033( 98.33332000,  66.62861000,  96.01554000)
p=  034( 19.00328000,  77.86359000,  66.00000000)
p=  035( 66.97156000,  69.44768000,  96.90909000)
p=  036( 17.64707000,  67.57235000,  69.00000000)
p=  037( 70.19447000,  39.41663000,  90.00000000)
p=  038( 32.56667000,  90.65555000,  42.00000000)
p=  039( 11.90130000,  19.31906000,   6.93333000)
p=  040(  5.59970000,  75.76667000,   2.16242000)
p=  041( 12.29540000,  79.45002000,  12.02378000)
p=  042( 69.58336000,   0.83334000,   0.00000000)
p=  043(  1.90906000,  34.06391000,  69.88889000)
p=  044( 10.90365000,  68.30153000,  22.94548000)
p=  045( 44.00000000,  44.00000000,  31.00000000)
p=  046( 81.49585000,  30.16372000,  24.00000000)
p=  047( 19.99666000,  82.28796000,  84.00000000)
p=  048( 73.17388000,  24.91659000,  50.42832000)
p=  049( 61.00000000,  40.00000000,  26.00000000)
p=  050(  1.83333000,   7.51192000,  84.50000000)
p=  051(  5.09997000,  39.35351000,   9.90909000)
p=  052( 64.29164000,  74.99453000,  42.90000000)
p=  053( 87.11897000,  93.68307000,  55.85848000)
p=  054( 95.93443000,  85.33322000,  65.26736000)
p=  055(  7.51192000,  84.32543000,  33.04534000)
p=  056( 68.22620000,   0.75001000,  42.00000000)
p=  057( 38.03333000,  48.80001000,   3.00000000)
p=  058( 58.00000000,  40.00000000,  14.00000000)
p=  059( 45.00000000,  59.00000000,  92.00000000)
p=  060( 70.25000000,  66.79753000,  24.00075000)
p=  061( 30.24997000,  66.07447000,   6.00000000)
p=  062( 30.12497000,  98.00003000,  15.00000000)
p=  063( 80.95560000,  34.78578000,  48.94444000)
p=  064( 31.28569000,  70.89975000,  75.00000000)
p=  065( 26.64882000,  69.84129000,  54.00000000)
p=  066( 77.89288000,  35.78706000,  54.05840000)
p=  067(  1.83334000,   7.94050000,  87.75000000)
p=  068( 42.00000000,  40.00000000,  14.00000000)
p=  069( 89.99998000,  32.37502000,  75.00000000)
p=  070( 55.00000000,  59.00000000,  83.00000000)
p=  071( 75.43492000,  10.42864000,  66.00000000)
p=  072( 65.83332000,  48.33331000,  63.00000000)
p=  073( 55.00000000,  41.00000000,  58.00000000)
p=  074( 73.34443000,  26.86359000,  15.00000000)
p=  075( 13.01439000,  13.01107000,   0.00000000)
p=  076( 29.40914000,   9.60104000,  93.05243000)
p=  077( 84.59212000,  88.24890000,  69.00000000)
p=  078( 30.61107000,  48.87497000,   3.75000000)
p=  079( 24.42219000,  98.00000000,  24.00000000)
p=  080( 20.99589000,  98.09167000,  24.01786000)
p=  081( 85.78578000,  67.00552000,  81.00000000)
p=  082( 66.08332000,   1.50000000,   0.00000000)
p=  083( 60.00000000,  40.00000000,  20.00000000)
p=  084( 28.27618000,  91.32572000,  69.06566000)
p=  085( 10.96543000,  27.54999000,   3.95290000)
p=  086( 30.87497000,  99.33332000,  81.00000000)
p=  087( 69.08336000,  34.92864000,  78.00000000)
p=  088( 66.70906000,  85.56240000,  90.00000000)
p=  089( 82.69998000,  89.09326000,  53.04753000)
p=  090( 23.12778000,  99.03848000,  30.03335000)
p=  091( 60.00000000,  40.00000000,   2.00000000)
p=  092( 44.00003000,  39.66664000,  42.00000000)
p=  093( 92.47402000,  80.45247000,  59.13153000)
p=  094( 30.99997000,  90.33334000,   6.00000000)
p=  095( 26.87121000,  99.00000000,  69.90909000)
p=  096(  7.09285000,  37.55304000,  66.94653000)
p=  097( 64.23331000,  63.34443000,  90.00000000)
p=  098( 99.00003000,  60.44447000,  84.33332000)
p=  099( 77.54026000,  81.60697000,  63.94444000)
p=  100( 72.75157000,  61.70003000,  72.00000000)
p=  001( 30.37497000,  76.21748000,  75.00000000)
p=  002( 69.12504000,  33.46669000,  63.05852000)
p=  003( 85.06504000,  48.13100000,  24.02383000)
p=  004( 28.88330000,  14.43604000,  42.00001000)
p=  005( 64.33332000,  31.29048000,  30.00000000)
p=  006( 93.11112000,  71.30288000,  90.03268000)
p=  007(  7.23375000,  36.64882000,  96.91667000)
p=  008( 19.98888000,  92.67143000,  21.94444000)
p=  009( 16.00007000,  98.33332000,  99.00000000)
p=  010( 98.33332000,  67.93750000,  54.00000000)
p=  011( 52.00000000,  59.00000000,  65.00000000)
p=  012( 35.11905000,  64.85165000,  21.77858000)
p=  013( 99.00000000,  50.00000000,   1.00000000)
p=  014( 79.89690000,  35.60200000,  39.04574000)
p=  015( 67.58333000,   0.00000000,  33.00000000)
p=  016( 99.33332000,  72.28572000,   6.00000000)
p=  017( 13.23639000,  42.85616000,  51.92858000)
p=  018( 82.84899000,   7.63737000,  96.98453000)
p=  019(  0.80001000,  38.67618000,  15.00000000)
p=  020( 21.29414000,  63.83977000,  51.99519000)
p=  021( 24.12500000,  40.93221000,  83.03786000)
p=  022( 24.49097000,  77.90904000,  81.00000000)
p=  023( 69.20836000,  18.44999000,  39.00000000)
p=  024( 27.38860000,  48.85713000,  81.90000000)
p=  025( 91.08329000,  71.30005000,   0.00000000)
p=  026( 34.00000000,  49.00000000,  22.00000000)
p=  027( 16.53470000,  23.99453000,  93.94444000)
p=  028( 95.78578000,  61.91785000,  96.02779000)
p=  029(  2.89998000,  32.93106000,  18.00000000)
p=  030( 44.00000000,  46.00000000,  17.00000000)
p=  031( 19.00328000,  65.15540000,   6.00000000)
p=  032( 71.18335000,   5.50906000,  42.00000000)
p=  033( 99.33332000,  66.62861000,  96.01554000)
p=  034( 19.00328000,  77.90904000,  66.00000000)
p=  035( 66.77156000,  69.50324000,  96.90909000)
p=  036( 17.70589000,  67.50985000,  69.00000000)
p=  037( 70.30558000,  39.52774000,  90.00000000)
p=  038( 32.40000000,  90.76666000,  42.00000000)
p=  039( 11.81039000,  19.37169000,   6.93333000)
p=  040(  5.59970000,  75.96667000,   2.20409000)
p=  041( 12.37873000,  79.50002000,  12.02378000)
p=  042( 69.58336000,   1.83334000,   0.00000000)
p=  043(  0.90906000,  33.99248000,  69.88889000)
p=  044( 10.84483000,  68.30153000,  23.04548000)
p=  045( 44.00000000,  44.00000000,  31.00000000)
p=  046( 81.44029000,  30.21928000,  24.00000000)
p=  047( 19.99666000,  82.34678000,  84.00000000)
p=  048( 73.17388000,  24.99992000,  50.46999000)
p=  049( 61.00000000,  40.00000000,  26.00000000)
p=  050(  0.83333000,   7.65478000,  84.50000000)
p=  051(  4.89997000,  39.24240000,   9.90909000)
p=  052( 63.95831000,  75.03801000,  42.90000000)
p=  053( 86.95230000,  93.68307000,  55.94181000)
p=  054( 95.93443000,  85.58322000,  65.19593000)
p=  055(  7.65478000,  84.39210000,  33.04534000)
p=  056( 68.22620000,   1.75001000,  42.00000000)
p=  057( 38.03333000,  48.80001000,   3.00000000)
p=  058( 58.00000000,  40.00000000,  14.00000000)
p=  059( 45.00000000,  59.00000000,  92.00000000)
p=  060( 70.13889000,  66.86420000,  24.00075000)
p=  061( 30.12497000,  66.00780000,   6.00000000)
p=  062( 29.99997000,  99.00003000,  15.00000000)
p=  063( 80.95560000,  34.85721000,  48.94444000)
p=  064( 31.14283000,  70.84712000,  75.00000000)
p=  065( 26.56549000,  69.78573000,  54.00000000)
p=  066( 77.95538000,  35.86398000,  54.05840000)
p=  067(  0.83334000,   8.08336000,  87.75000000)
p=  068( 42.00000000,  40.00000000,  14.00000000)
p=  069( 89.89998000,  32.43752000,  75.00000000)
p=  070( 55.00000000,  59.00000000,  83.00000000)
p=  071( 75.50635000,  10.32864000,  66.00000000)
p=  072( 65.83332000,  48.33331000,  63.00000000)
p=  073( 55.00000000,  41.00000000,  58.00000000)
p=  074( 73.42776000,  26.90904000,  15.00000000)
p=  075( 12.93747000,  13.08799000,   0.00000000)
p=  076( 29.52025000,   9.71215000,  93.05243000)
p=  077( 84.65879000,  88.15799000,  69.00000000)
p=  078( 30.73607000,  48.87497000,   3.75000000)
p=  079( 24.35076000,  99.00000000,  24.00000000)
p=  080( 20.94033000,  99.09167000,  24.01786000)
p=  081( 85.85721000,  67.06802000,  81.00000000)
p=  082( 66.28332000,   0.50000000,   0.00000000)
p=  083( 60.00000000,  40.00000000,  20.00000000)
p=  084( 28.17618000,  91.45072000,  69.06566000)
p=  085( 10.86543000,  27.50237000,   3.95290000)
p=  086( 30.87497000,  98.33332000,  81.00000000)
p=  087( 69.20836000,  35.00007000,  78.00000000)
p=  088( 66.50906000,  85.49097000,  90.00000000)
p=  089( 82.69998000,  89.15208000,  52.94753000)
p=  090( 23.12778000,  98.03848000,  30.03335000)
p=  091( 60.00000000,  40.00000000,   2.00000000)
p=  092( 45.00003000,  39.66664000,  42.00000000)
p=  093( 92.47402000,  80.59533000,  59.07890000)
p=  094( 30.87497000,  90.44445000,   6.00000000)
p=  095( 26.87121000,  98.00000000,  69.90909000)
p=  096(  6.94999000,  37.46213000,  66.94653000)
p=  097( 63.89998000,  63.42776000,  90.00000000)
p=  098( 98.00003000,  60.44447000,  84.33332000)
p=  099( 77.47776000,  81.55141000,  63.94444000)
p=  100( 72.66066000,  61.80003000,  72.00000000)
p=  001( 30.24997000,  76.26096000,  75.00000000)
p=  002( 69.25004000,  33.53336000,  63.05852000)
p=  003( 85.06504000,  48.13100000,  24.02383000)
p=  004( 28.98330000,  14.50747000,  42.00001000)
p=  005( 64.66665000,  31.34930000,  30.00000000)
p=  006( 93.27779000,  71.35288000,  90.03268000)
p=  007(  7.09089000,  36.56549000,  96.91667000)
p=  008( 19.98888000,  92.81429000,  21.94444000)
p=  009( 16.06257000,  99.33332000,  99.00000000)
p=  010( 99.33332000,  67.93750000,  54.00000000)
p=  011( 52.00000000,  59.00000000,  65.00000000)
p=  012( 34.78572000,  64.77473000,  21.77858000)
p=  013( 99.00000000,  50.00000000,   0.00000000)
p=  014( 79.95246000,  35.67892000,  39.04574000)
p=  015( 67.58333000,   1.00000000,  33.00000000)
p=  016( 98.33332000,  72.28572000,   6.00000000)
p=  017( 13.15947000,  42.68949000,  51.92858000)
p=  018( 82.79017000,   7.49451000,  96.98453000)
p=  019(  1.80001000,  38.67618000,  15.00000000)
p=  020( 21.23532000,  63.75644000,  51.99519000)
p=  021( 24.12500000,  41.00364000,  82.91286000)
p=  022( 24.41954000,  77.95449000,  81.00000000)
p=  023( 69.33336000,  18.39443000,  39.00000000)
p=  024( 27.47951000,  48.85713000,  81.90000000)
p=  025( 91.20829000,  71.35005000,   0.00000000)
p=  026( 33.00000000,  49.00000000,  22.00000000)
p=  027( 16.47220000,  24.03801000,  93.94444000)
p=  028( 96.03578000,  62.01785000,  96.02779000)
p=  029(  2.39998000,  32.86856000,  18.00000000)
p=  030( 44.00000000,  46.00000000,  17.00000000)
p=  031( 19.00328000,  65.08397000,   6.00000000)
p=  032( 71.28335000,   5.30906000,  42.00000000)
p=  033( 98.33332000,  66.62861000,  96.01554000)
p=  034( 19.00328000,  77.95449000,  66.00000000)
p=  035( 66.57156000,  69.55880000,  96.90909000)
p=  036( 17.76471000,  67.44735000,  69.00000000)
p=  037( 70.41669000,  39.63885000,  90.00000000)
p=  038( 32.23333000,  90.87777000,  42.00000000)
p=  039( 11.71948000,  19.42432000,   6.93333000)
p=  040(  5.59970000,  76.16667000,   2.24576000)
p=  041( 12.46206000,  79.55002000,  12.02378000)
p=  042( 69.70836000,   0.83334000,   0.00000000)
p=  043(  1.90906000,  33.99248000,  69.88889000)
p=  044( 10.84483000,  68.40153000,  22.98666000)
p=  045( 44.00000000,  44.00000000,  31.00000000)
p=  046( 81.38473000,  30.27484000,  24.00000000)
p=  047( 19.99666000,  82.40560000,  84.00000000)
p=  048( 73.17388000,  25.08325000,  50.51166000)
p=  049( 61.00000000,  40.00000000,  26.00000000)
p=  050(  1.83333000,   7.65478000,  84.50000000)
p=  051(  4.64997000,  39.13129000,   9.90909000)
p=  052( 63.45831000,  74.99634000,  42.90000000)
p=  053( 86.78563000,  93.68307000,  56.01873000)
p=  054( 95.93443000,  85.83322000,  65.12450000)
p=  055(  7.79764000,  84.45877000,  33.04534000)
p=  056( 68.36906000,   0.75001000,  42.00000000)
p=  057( 38.03333000,  48.80001000,   3.00000000)
p=  058( 58.00000000,  40.00000000,  14.00000000)
p=  059( 45.00000000,  59.00000000,  92.00000000)
p=  060( 70.02778000,  66.93087000,  24.00075000)
p=  061( 29.99997000,  65.94113000,   6.00000000)
p=  062( 29.99997000,  98.00003000,  15.00000000)
p=  063( 80.95560000,  34.92864000,  48.94444000)
p=  064( 30.99997000,  70.79449000,  75.00000000)
p=  065( 26.48216000,  69.73017000,  54.00000000)
p=  066( 78.01788000,  35.94090000,  54.05840000)
p=  067(  1.83334000,   8.08336000,  87.75000000)
p=  068( 42.00000000,  40.00000000,  14.00000000)
p=  069( 89.79998000,  32.50002000,  75.00000000)
p=  070( 55.00000000,  59.00000000,  83.00000000)
p=  071( 75.57778000,  10.22864000,  66.00000000)
p=  072( 65.83332000,  48.33331000,  63.00000000)
p=  073( 55.00000000,  41.00000000,  58.00000000)
p=  074( 73.51109000,  26.95449000,  15.00000000)
p=  075( 12.85414000,  13.16491000,   0.00000000)
p=  076( 29.63136000,   9.82326000,  93.05243000)
p=  077( 84.72546000,  88.06708000,  69.00000000)
p=  078( 30.86107000,  48.87497000,   3.75000000)
p=  079( 24.35076000,  98.00000000,  24.00000000)
p=  080( 20.94033000,  98.09167000,  24.01786000)
p=  081( 85.92864000,  67.13052000,  81.00000000)
p=  082( 66.28332000,   1.50000000,   0.00000000)
p=  083( 60.00000000,  40.00000000,  20.00000000)
p=  084( 28.07618000,  91.57572000,  69.06566000)
p=  085( 10.76543000,  27.45475000,   3.95290000)
p=  086( 30.74997000,  99.33332000,  81.00000000)
p=  087( 69.33336000,  35.07699000,  78.00000000)
p=  088( 66.30906000,  85.41954000,  90.00000000)
p=  089( 82.59998000,  89.15208000,  53.00635000)
p=  090( 23.06111000,  99.03848000,  30.03335000)
p=  091( 60.00000000,  40.00000000,   2.00000000)
p=  092( 46.00003000,  39.66664000,  42.00000000)
p=  093( 92.47402000,  80.73819000,  59.02627000)
p=  094( 30.74997000,  90.55556000,   6.00000000)
p=  095( 26.78788000,  99.00000000,  69.90909000)
p=  096(  6.78332000,  37.37122000,  66.94653000)
p=  097( 63.39998000,  63.51109000,  90.00000000)
p=  098( 99.00003000,  60.44447000,  84.33332000)
p=  099( 77.41526000,  81.49585000,  63.94444000)
p=  100( 72.56975000,  61.90003000,  72.00000000)
p=  001( 30.12497000,  76.30444000,  75.00000000)
p=  002( 69.37504000,  33.60003000,  63.05852000)
p=  003( 85.06504000,  48.13100000,  24.02383000)
p=  004( 29.08330000,  14.57890000,  42.00001000)
p=  005( 64.99998000,  31.40812000,  30.00000000)
p=  006( 93.44446000,  71.40288000,  90.03268000)
p=  007(  6.94803000,  36.48216000,  96.91667000)
p=  008( 19.98888000,  92.95715000,  21.94444000)
p=  009( 16.06257000,  98.33332000,  99.00000000)
p=  010( 98.33332000,  67.93750000,  54.00000000)
p=  011( 52.00000000,  59.00000000,  65.00000000)
p=  012( 34.53572000,  64.69781000,  21.77858000)
p=  013( 98.00000000,  50.00000000,   0.00000000)
p=  014( 80.00802000,  35.75584000,  39.04574000)
p=  015( 67.75000000,   0.00000000,  33.00000000)
p=  016( 99.33332000,  72.28572000,   6.00000000)
p=  017( 13.08255000,  42.52282000,  51.92858000)
p=  018( 82.73135000,   7.35165000,  96.98453000)
p=  019(  0.80001000,  38.57618000,  15.00000000)
p=  020( 21.17650000,  63.67311000,  51.99519000)
p=  021( 23.98214000,  41.00364000,  82.98429000)
p=  022( 24.34811000,  77.99994000,  81.00000000)
p=  023( 69.45836000,  18.33887000,  39.00000000)
p=  024( 27.57042000,  48.85713000,  81.90000000)
p=  025( 91.33329000,  71.40005000,   0.00000000)
p=  026( 32.00000000,  49.00000000,  22.00000000)
p=  027( 16.40970000,  23.99634000,  93.94444000)
p=  028( 96.36911000,  62.10876000,  96.02779000)
p=  029(  1.89998000,  32.80606000,  18.00000000)
p=  030( 44.00000000,  46.00000000,  17.00000000)
p=  031( 19.00328000,  65.01254000,   6.00000000)
p=  032( 71.38335000,   5.10906000,  42.00000000)
p=  033( 99.33332000,  66.62861000,  96.01554000)
p=  034( 19.00328000,  77.99994000,  66.00000000)
p=  035( 66.37156000,  69.61436000,  96.90909000)
p=  036( 17.82353000,  67.38485000,  69.00000000)
p=  037( 70.52780000,  39.74996000,  90.00000000)
p=  038( 32.06666000,  90.98888000,  42.00000000)
p=  039( 11.62857000,  19.47695000,   6.93333000)
p=  040(  5.59970000,  76.36667000,   2.28924000)
p=  041( 12.54539000,  79.60002000,  12.02378000)
p=  042( 69.70836000,   1.83334000,   0.00000000)
p=  043(  0.90906000,  33.92581000,  69.88889000)
p=  044( 10.78601000,  68.40153000,  23.08666000)
p=  045( 44.00000000,  44.00000000,  31.00000000)
p=  046( 81.32917000,  30.33040000,  24.00000000)
p=  047( 19.99666000,  82.46442000,  84.00000000)
p=  048( 73.17388000,  25.16658000,  50.55514000)
p=  049( 61.00000000,  40.00000000,  26.00000000)
p=  050(  0.83333000,   7.79764000,  84.50000000)
p=  051(  4.39997000,  39.02018000,   9.90909000)
p=  052( 62.95831000,  75.03982000,  42.90000000)
p=  053( 86.78563000,  93.75999000,  55.85206000)
p=  054( 95.93443000,  86.08322000,  65.05307000)
p=  055(  7.94050000,  84.52544000,  33.04534000)
p=  056( 68.36906000,   1.75001000,  42.00000000)
p=  057( 38.03333000,  48.80001000,   3.00000000)
p=  058( 58.00000000,  40.00000000,  14.00000000)
p=  059( 45.00000000,  59.00000000,  92.00000000)
p=  060( 69.91667000,  66.99754000,  24.00075000)
p=  061( 29.88886000,  65.86970000,   6.00000000)
p=  062( 29.88886000,  99.00003000,  15.00000000)
p=  063( 80.95560000,  35.00007000,  48.94444000)
p=  064( 30.87497000,  70.74186000,  75.00000000)
p=  065( 26.39883000,  69.67461000,  54.00000000)
p=  066( 78.07670000,  36.01782000,  54.05840000)
p=  067(  0.83334000,   8.20836000,  87.75000000)
p=  068( 42.00000000,  40.00000000,  14.00000000)
p=  069( 89.69998000,  32.56252000,  75.00000000)
p=  070( 55.00000000,  59.00000000,  83.00000000)
p=  071( 75.64921000,  10.12864000,  66.00000000)
p=  072( 65.83332000,  48.33331000,  63.00000000)
p=  073( 55.00000000,  41.00000000,  58.00000000)
p=  074( 73.59442000,  26.99994000,  15.00000000)
p=  075( 12.77081000,  13.24183000,   0.00000000)
p=  076( 29.74247000,   9.93437000,  93.05243000)
p=  077( 84.79213000,  87.97617000,  69.00000000)
p=  078( 30.98607000,  48.87497000,   3.75000000)
p=  079( 24.27933000,  99.00000000,  24.00000000)
p=  080( 20.88477000,  99.09167000,  24.01786000)
p=  081( 86.00007000,  67.19302000,  81.00000000)
p=  082( 66.48332000,   0.50000000,   0.00000000)
p=  083( 60.00000000,  40.00000000,  20.00000000)
p=  084( 27.97618000,  91.70072000,  69.06566000)
p=  085( 10.66543000,  27.40713000,   3.95290000)
p=  086( 30.74997000,  98.33332000,  81.00000000)
p=  087( 69.45836000,  35.15391000,  78.00000000)
p=  088( 66.10906000,  85.34811000,  90.00000000)
p=  089( 82.59998000,  89.21090000,  52.90635000)
p=  090( 23.06111000,  98.03848000,  30.03335000)
p=  091( 60.00000000,  40.00000000,   2.00000000)
p=  092( 47.00003000,  39.66664000,  42.00000000)
p=  093( 92.47402000,  80.88105000,  58.97364000)
p=  094( 30.62497000,  90.66667000,   6.00000000)
p=  095( 26.78788000,  98.00000000,  69.90909000)
p=  096(  6.61665000,  37.28031000,  66.94653000)
p=  097( 62.89998000,  63.59442000,  90.00000000)
p=  098( 98.00003000,  60.44447000,  84.33332000)
p=  099( 77.35276000,  81.44029000,  63.94444000)
p=  100( 72.47884000,  62.00003000,  72.00000000)
p=  001( 29.99997000,  76.34792000,  75.00000000)
p=  002( 69.50004000,  33.66670000,  63.05852000)
p=  003( 85.06504000,  48.13100000,  24.02383000)
p=  004( 29.19441000,  14.65033000,  42.00001000)
p=  005( 65.33331000,  31.46694000,  30.00000000)
p=  006( 93.61113000,  71.45288000,  90.03268000)
p=  007(  6.78136000,  36.39883000,  96.91667000)
p=  008( 19.98888000,  93.10001000,  21.94444000)
p=  009( 16.12507000,  99.33332000,  99.00000000)
p=  010( 99.33332000,  67.93750000,  54.00000000)
p=  011( 52.00000000,  59.00000000,  65.00000000)
p=  012( 34.28572000,  64.62089000,  21.77858000)
p=  013( 98.00000000,  51.00000000,   0.00000000)
p=  014( 80.00802000,  35.83276000,  39.04574000)
p=  015( 67.75000000,   1.00000000,  33.00000000)
p=  016( 98.33332000,  72.28572000,   6.00000000)
p=  017( 13.00563000,  42.35615000,  51.92858000)
p=  018( 82.67253000,   7.20879000,  96.98453000)
p=  019(  1.80001000,  38.57618000,  15.00000000)
p=  020( 21.11768000,  63.58978000,  51.99519000)
p=  021( 23.83928000,  41.00364000,  83.05096000)
p=  022( 24.27668000,  78.04539000,  81.00000000)
p=  023( 69.58336000,  18.28331000,  39.00000000)
p=  024( 27.66133000,  48.85713000,  81.90000000)
p=  025( 91.45829000,  71.45005000,   0.00000000)
p=  026( 31.00000000,  49.00000000,  22.00000000)
p=  027( 16.34720000,  24.03982000,  93.94444000)
p=  028( 96.70244000,  62.19967000,  96.02779000)
p=  029(  0.89998000,  32.74356000,  18.00000000)
p=  030( 44.00000000,  46.00000000,  17.00000000)
p=  031( 19.00328000,  64.94111000,   6.00000000)
p=  032( 71.48335000,   4.90906000,  42.00000000)
p=  033( 98.33332000,  66.62861000,  96.01554000)
p=  034( 19.00328000,  78.04539000,  66.00000000)
p=  035( 66.17156000,  69.66992000,  96.90909000)
p=  036( 17.88235000,  67.32235000,  69.00000000)
p=  037( 70.63891000,  39.86107000,  90.00000000)
p=  038( 31.89999000,  91.09999000,  42.00000000)
p=  039( 11.53766000,  19.52958000,   6.93333000)
p=  040(  5.59970000,  76.56667000,   2.33272000)
p=  041( 12.62872000,  79.65002000,  12.02378000)
p=  042( 69.83336000,   0.83334000,   0.00000000)
p=  043(  1.90906000,  33.92581000,  69.88889000)
p=  044( 10.78601000,  68.50153000,  23.02784000)
p=  045( 44.00000000,  44.00000000,  31.00000000)
p=  046( 81.27361000,  30.38596000,  24.00000000)
p=  047( 19.99666000,  82.52324000,  84.00000000)
p=  048( 73.17388000,  25.24991000,  50.59862000)
p=  049( 61.00000000,  40.00000000,  26.00000000)
p=  050(  1.83333000,   7.79764000,  84.50000000)
p=  051(  4.14997000,  38.90907000,   9.90909000)
p=  052( 61.95831000,  74.99815000,  42.90000000)
p=  053( 86.61896000,  93.75999000,  55.92898000)
p=  054( 95.93443000,  86.33322000,  64.97615000)
p=  055(  8.08336000,  84.59211000,  33.04534000)
p=  056( 68.51192000,   0.75001000,  42.00000000)
p=  057( 38.03333000,  48.80001000,   3.00000000)
p=  058( 58.00000000,  40.00000000,  14.00000000)
p=  059( 45.00000000,  59.00000000,  92.00000000)
p=  060( 69.79167000,  67.06421000,  24.00075000)
p=  061( 29.77775000,  65.79827000,   6.00000000)
p=  062( 29.88886000,  98.00003000,  15.00000000)
p=  063( 80.95560000,  35.07699000,  48.94444000)
p=  064( 30.74997000,  70.68923000,  75.00000000)
p=  065( 26.31550000,  69.61905000,  54.00000000)
p=  066( 78.13552000,  36.10115000,  54.05840000)
p=  067(  1.83334000,   8.20836000,  87.75000000)
p=  068( 42.00000000,  40.00000000,  14.00000000)
p=  069( 89.59998000,  32.62502000,  75.00000000)
p=  070( 55.00000000,  59.00000000,  83.00000000)
p=  071( 75.72064000,  10.02864000,  66.00000000)
p=  072( 65.83332000,  48.33331000,  63.00000000)
p=  073( 55.00000000,  41.00000000,  58.00000000)
p=  074( 73.67775000,  27.04539000,  15.00000000)
p=  075( 12.68748000,  13.31875000,   0.00000000)
p=  076( 29.85358000,  10.04548000,  93.05243000)
p=  077( 84.85880000,  87.89284000,  69.00000000)
p=  078( 31.11107000,  48.87497000,   3.75000000)
p=  079( 24.27933000,  98.00000000,  24.00000000)
p=  080( 20.88477000,  98.09167000,  24.01786000)
p=  081( 86.07699000,  67.25552000,  81.00000000)
p=  082( 66.48332000,   1.50000000,   0.00000000)
p=  083( 60.00000000,  40.00000000,  20.00000000)
p=  084( 27.88527000,  91.82572000,  69.06566000)
p=  085( 10.56543000,  27.35951000,   3.95290000)
p=  086( 30.62497000,  99.33332000,  81.00000000)
p=  087( 69.58336000,  35.23083000,  78.00000000)
p=  088( 65.90906000,  85.27668000,  90.00000000)
p=  089( 82.49998000,  89.21090000,  52.96517000)
p=  090( 22.99444000,  99.03848000,  30.03335000)
p=  091( 60.00000000,  40.00000000,   2.00000000)
p=  092( 48.00003000,  39.66664000,  42.00000000)
p=  093( 92.42139000,  80.88105000,  59.11650000)
p=  094( 30.49997000,  90.77778000,   6.00000000)
p=  095( 26.70455000,  99.00000000,  69.90909000)
p=  096(  6.44998000,  37.18940000,  66.94653000)
p=  097( 61.89998000,  63.67775000,  90.00000000)
p=  098( 99.00003000,  60.44447000,  84.33332000)
p=  099( 77.29026000,  81.38473000,  63.94444000)
p=  100( 72.38793000,  62.09094000,  72.00000000)
p=  001( 29.88886000,  76.39140000,  75.00000000)
p=  002( 69.62504000,  33.73337000,  63.05852000)
p=  003( 85.06504000,  48.13100000,  24.02383000)
p=  004( 29.30552000,  14.72176000,  42.00001000)
p=  005( 65.58331000,  31.52576000,  30.00000000)
p=  006( 93.77780000,  71.50288000,  90.03268000)
p=  007(  6.61469000,  36.31550000,  96.91667000)
p=  008( 19.98888000,  93.26668000,  21.94444000)
p=  009( 16.12507000,  98.33332000,  99.00000000)
p=  010( 98.33332000,  67.93750000,  54.00000000)
p=  011( 52.00000000,  59.00000000,  65.00000000)
p=  012( 34.03572000,  64.54397000,  21.77858000)
p=  013( 98.00000000,  52.00000000,   0.00000000)
p=  014( 80.00802000,  35.90968000,  39.04574000)
p=  015( 67.91667000,   0.00000000,  33.00000000)
p=  016( 99.33332000,  72.28572000,   6.00000000)
p=  017( 12.92871000,  42.18948000,  51.92858000)
p=  018( 82.61371000,   7.06593000,  96.98453000)
p=  019(  0.80001000,  38.47618000,  15.00000000)
p=  020( 21.05886000,  63.50645000,  51.99519000)
p=  021( 23.83928000,  41.07031000,  82.90810000)
p=  022( 24.20525000,  78.09301000,  81.00000000)
p=  023( 69.70836000,  18.22775000,  39.00000000)
p=  024( 27.75224000,  48.85713000,  81.90000000)
p=  025( 91.58329000,  71.50005000,   0.00000000)
p=  026( 30.00000000,  49.00000000,  22.00000000)
p=  027( 16.28470000,  23.99815000,  93.94444000)
p=  028( 97.03577000,  62.29058000,  96.02779000)
p=  029(  1.89998000,  32.74356000,  18.00000000)
p=  030( 44.00000000,  46.00000000,  17.00000000)
p=  031( 19.00328000,  64.86419000,   6.00000000)
p=  032( 71.58335000,   4.65906000,  42.00000000)
p=  033( 99.33332000,  66.62861000,  96.01554000)
p=  034( 19.00328000,  78.09301000,  66.00000000)
p=  035( 65.97156000,  69.72548000,  96.90909000)
p=  036( 17.94117000,  67.25985000,  69.00000000)
p=  037( 70.75002000,  39.97218000,  90.00000000)
p=  038( 31.75713000,  91.22499000,  42.00000000)
p=  039( 11.44675000,  19.58221000,   6.93333000)
p=  040(  5.59970000,  76.76667000,   2.37620000)
p=  041( 12.71205000,  79.70002000,  12.02378000)
p=  042( 69.83336000,   1.83334000,   0.00000000)
p=  043(  0.90906000,  33.85914000,  69.88889000)
p=  044( 10.78601000,  68.60153000,  22.96902000)
p=  045( 44.00000000,  44.00000000,  31.00000000)
p=  046( 81.21805000,  30.44152000,  24.00000000)
p=  047( 19.99666000,  82.58206000,  84.00000000)
p=  048( 73.17388000,  25.33324000,  50.64210000)
p=  049( 61.00000000,  40.00000000,  26.00000000)
p=  050(  0.83333000,   7.94050000,  84.50000000)
p=  051(  3.89997000,  38.80907000,   9.90909000)
p=  052( 60.95831000,  74.99815000,  42.90000000)
p=  053( 86.45229000,  93.75999000,  56.00590000)
p=  054( 95.85751000,  86.33322000,  65.22615000)
p=  055(  8.20836000,  84.65878000,  33.04534000)
p=  056( 68.51192000,   1.75001000,  42.00000000)
p=  057( 38.03333000,  48.80001000,   3.00000000)
p=  058( 58.00000000,  40.00000000,  14.00000000)
p=  059( 45.00000000,  59.00000000,  92.00000000)
p=  060( 69.66667000,  67.12671000,  24.00075000)
p=  061( 29.66664000,  65.72684000,   6.00000000)
p=  062( 29.77775000,  99.00003000,  15.00000000)
p=  063( 80.95560000,  35.15391000,  48.94444000)
p=  064( 30.62497000,  70.63660000,  75.00000000)
p=  065( 26.23217000,  69.56349000,  54.00000000)
p=  066( 78.19434000,  36.18448000,  54.05840000)
p=  067(  0.83334000,   8.33336000,  87.75000000)
p=  068( 42.00000000,  40.00000000,  14.00000000)
p=  069( 89.49998000,  32.68752000,  75.00000000)
p=  070( 55.00000000,  59.00000000,  83.00000000)
p=  071( 75.79207000,   9.92864000,  66.00000000)
p=  072( 65.83332000,  48.33331000,  63.00000000)
p=  073( 55.00000000,  41.00000000,  58.00000000)
p=  074( 73.76108000,  27.09301000,  15.00000000)
p=  075( 12.60415000,  13.39567000,   0.00000000)
p=  076( 29.96469000,  10.14548000,  93.05243000)
p=  077( 84.92547000,  87.80951000,  69.00000000)
p=  078( 31.25393000,  48.87497000,   3.75000000)
p=  079( 24.20790000,  99.00000000,  24.00000000)
p=  080( 20.82921000,  99.09167000,  24.01786000)
p=  081( 86.15391000,  67.31802000,  81.00000000)
p=  082( 66.68332000,   0.50000000,   0.00000000)
p=  083( 60.00000000,  40.00000000,  20.00000000)
p=  084( 27.79436000,  91.95072000,  69.06566000)
p=  085( 10.46543000,  27.31189000,   3.95290000)
p=  086( 30.62497000,  98.33332000,  81.00000000)
p=  087( 69.70836000,  35.30775000,  78.00000000)
p=  088( 65.65906000,  85.20525000,  90.00000000)
p=  089( 82.39998000,  89.21090000,  53.02399000)
p=  090( 22.99444000,  98.03848000,  30.03335000)
p=  091( 60.00000000,  40.00000000,   2.00000000)
p=  092( 49.00003000,  39.66664000,  42.00000000)
p=  093( 92.42139000,  81.02391000,  59.06387000)
p=  094( 30.37497000,  90.88889000,   6.00000000)
p=  095( 26.70455000,  98.00000000,  69.90909000)
p=  096(  6.28331000,  37.09849000,  66.94653000)
p=  097( 60.89998000,  63.67775000,  90.00000000)
p=  098( 98.00003000,  60.44447000,  84.33332000)
p=  099( 77.22776000,  81.32917000,  63.94444000)
p=  100( 72.29702000,  62.18185000,  72.00000000)
p=  001( 29.77775000,  76.43488000,  75.00000000)
p=  002( 69.75004000,  33.80004000,  63.05852000)
p=  003( 85.06504000,  48.13100000,  24.02383000)
p=  004( 29.41663000,  14.79319000,  42.00001000)
p=  005( 65.83331000,  31.58458000,  30.00000000)
p=  006( 93.94447000,  71.55288000,  90.03268000)
p=  007(  6.44802000,  36.23217000,  96.91667000)
p=  008( 19.98888000,  93.43335000,  21.94444000)
p=  009( 16.18757000,  99.33332000,  99.00000000)
p=  010( 99.33332000,  67.93750000,  54.00000000)
p=  011( 52.00000000,  59.00000000,  65.00000000)
p=  012( 33.78572000,  64.46705000,  21.77858000)
p=  013( 99.00000000,  52.00000000,   0.00000000)
p=  014( 80.00802000,  35.98660000,  39.04574000)
p=  015( 67.91667000,   1.00000000,  33.00000000)
p=  016( 98.33332000,  72.28572000,   6.00000000)
p=  017( 12.84538000,  42.02281000,  51.92858000)
p=  018( 82.55489000,   6.92307000,  96.98453000)
p=  019(  1.80001000,  38.47618000,  15.00000000)
p=  020( 21.00004000,  63.42312000,  51.99519000)
p=  021( 23.69642000,  41.07031000,  82.97477000)
p=  022( 24.13382000,  78.14063000,  81.00000000)
p=  023( 69.83336000,  18.17219000,  39.00000000)
p=  024( 27.84315000,  48.85713000,  81.90000000)
p=  025( 91.70829000,  71.55005000,   0.00000000)
p=  026( 29.00000000,  49.00000000,  22.00000000)
p=  027( 16.22220000,  24.04163000,  93.94444000)
p=  028( 97.53577000,  62.38149000,  96.02779000)
p=  029(  0.89998000,  32.68106000,  18.00000000)
p=  030( 44.00000000,  46.00000000,  17.00000000)
p=  031( 19.00328000,  64.78727000,   6.00000000)
p=  032( 71.68335000,   4.40906000,  42.00000000)
p=  033( 98.33332000,  66.62861000,  96.01554000)
p=  034( 19.00328000,  78.14063000,  66.00000000)
p=  035( 65.72156000,  69.78104000,  96.90909000)
p=  036( 17.99999000,  67.19735000,  69.00000000)
p=  037( 70.86113000,  40.08329000,  90.00000000)
p=  038( 31.61427000,  91.34999000,  42.00000000)
p=  039( 11.35584000,  19.63484000,   6.93333000)
p=  040(  5.59970000,  76.96667000,   2.41968000)
p=  041( 12.79538000,  79.75002000,  12.02378000)
p=  042( 69.95836000,   0.83334000,   0.00000000)
p=  043(  1.90906000,  33.85914000,  69.88889000)
p=  044( 10.72719000,  68.60153000,  23.06902000)
p=  045( 44.00000000,  44.00000000,  31.00000000)
p=  046( 81.16249000,  30.49708000,  24.00000000)
p=  047( 19.99666000,  82.64088000,  84.00000000)
p=  048( 73.17388000,  25.41657000,  50.68558000)
p=  049( 61.00000000,  40.00000000,  26.00000000)
p=  050(  1.83333000,   7.94050000,  84.50000000)
p=  051(  3.56664000,  38.70907000,   9.90909000)
p=  052( 59.95831000,  74.99815000,  42.90000000)
p=  053( 86.45229000,  93.83691000,  55.83923000)
p=  054( 95.85751000,  86.58322000,  65.14923000)
p=  055(  8.33336000,  84.72545000,  33.04534000)
p=  056( 68.65478000,   0.75001000,  42.00000000)
p=  057( 38.03333000,  48.80001000,   3.00000000)
p=  058( 58.00000000,  40.00000000,  14.00000000)
p=  059( 45.00000000,  59.00000000,  92.00000000)
p=  060( 69.54167000,  67.18921000,  24.00075000)
p=  061( 29.55553000,  65.65541000,   6.00000000)
p=  062( 29.77775000,  98.00003000,  15.00000000)
p=  063( 80.95560000,  35.23083000,  48.94444000)
p=  064( 30.49997000,  70.58397000,  75.00000000)
p=  065( 26.14884000,  69.50793000,  54.00000000)
p=  066( 78.25316000,  36.26781000,  54.05840000)
p=  067(  1.83334000,   8.33336000,  87.75000000)
p=  068( 42.00000000,  40.00000000,  14.00000000)
p=  069( 89.39998000,  32.75002000,  75.00000000)
p=  070( 55.00000000,  59.00000000,  83.00000000)
p=  071( 75.86350000,   9.81753000,  66.00000000)
p=  072( 65.83332000,  48.33331000,  63.00000000)
p=  073( 55.00000000,  41.00000000,  58.00000000)
p=  074( 73.84441000,  27.14063000,  15.00000000)
p=  075( 12.52082000,  13.47259000,   0.00000000)
p=  076( 30.07580000,  10.24548000,  93.05243000)
p=  077( 84.99214000,  87.72618000,  69.00000000)
p=  078( 31.39679000,  48.87497000,   3.75000000)
p=  079( 24.20790000,  98.00000000,  24.00000000)
p=  080( 20.82921000,  98.09167000,  24.01786000)
p=  081( 86.23083000,  67.38052000,  81.00000000)
p=  082( 66.68332000,   1.50000000,   0.00000000)
p=  083( 60.00000000,  40.00000000,  20.00000000)
p=  084( 27.70345000,  92.07572000,  69.06566000)
p=  085( 10.36543000,  27.26427000,   3.95290000)
p=  086( 30.49997000,  99.33332000,  81.00000000)
p=  087( 69.83336000,  35.38467000,  78.00000000)
p=  088( 65.40906000,  85.13382000,  90.00000000)
p=  089( 82.39998000,  89.26972000,  52.92399000)
p=  090( 22.93194000,  99.03848000,  30.03335000)
p=  091( 60.00000000,  40.00000000,   2.00000000)
p=  092( 50.00003000,  39.66664000,  42.00000000)
p=  093( 92.42139000,  81.16677000,  59.00831000)
p=  094( 30.24997000,  91.00000000,   6.00000000)
p=  095( 26.62122000,  99.00000000,  69.90909000)
p=  096(  6.11664000,  37.00758000,  66.94653000)
p=  097( 59.89998000,  63.67775000,  90.00000000)
p=  098( 99.00003000,  60.44447000,  84.33332000)
p=  099( 77.16526000,  81.27361000,  63.94444000)
p=  100( 72.20611000,  62.27276000,  72.00000000)
p=  001( 29.66664000,  76.47836000,  75.00000000)
p=  002( 69.87504000,  33.86671000,  63.05852000)
p=  003( 85.06504000,  48.13100000,  24.02383000)
p=  004( 29.52774000,  14.86462000,  42.00001000)
p=  005( 66.08331000,  31.64340000,  30.00000000)
p=  006( 94.11114000,  71.60288000,  90.03268000)
p=  007(  6.28135000,  36.14884000,  96.91667000)
p=  008( 19.98888000,  93.60002000,  21.94444000)
p=  009( 16.18757000,  98.33332000,  99.00000000)
p=  010( 98.33332000,  67.93750000,  54.00000000)
p=  011( 52.00000000,  59.00000000,  65.00000000)
p=  012( 33.58572000,  64.39013000,  21.77858000)
p=  013( 98.00000000,  52.00000000,   0.00000000)
p=  014( 80.00802000,  36.06352000,  39.04574000)
p=  015( 68.08334000,   0.00000000,  33.00000000)
p=  016( 99.33332000,  72.28572000,   6.00000000)
p=  017( 12.76205000,  41.85614000,  51.92858000)
p=  018( 82.49607000,   6.75640000,  96.98453000)
p=  019(  0.80001000,  38.37618000,  15.00000000)
p=  020( 20.94122000,  63.33979000,  51.99519000)
p=  021( 23.55356000,  41.07031000,  83.04144000)
p=  022( 24.06239000,  78.18825000,  81.00000000)
p=  023( 69.95836000,  18.11663000,  39.00000000)
p=  024( 27.93406000,  48.85713000,  81.90000000)
p=  025( 91.83329000,  71.60005000,   0.00000000)
p=  026( 28.00000000,  49.00000000,  22.00000000)
p=  027( 16.15970000,  23.99996000,  93.94444000)
p=  028( 98.03577000,  62.47240000,  96.02779000)
p=  029(  1.89998000,  32.68106000,  18.00000000)
p=  030( 44.00000000,  46.00000000,  17.00000000)
p=  031( 19.00328000,  64.71035000,   6.00000000)
p=  032( 71.78335000,   4.15906000,  42.00000000)
p=  033( 99.33332000,  66.62861000,  96.01554000)
p=  034( 19.00328000,  78.18825000,  66.00000000)
p=  035( 65.47156000,  69.83660000,  96.90909000)
p=  036( 18.05881000,  67.13485000,  69.00000000)
p=  037( 70.97224000,  40.20829000,  90.00000000)
p=  038( 31.47141000,  91.47499000,  42.00000000)
p=  039( 11.26493000,  19.68747000,   6.93333000)
p=  040(  5.59970000,  77.16667000,   2.46316000)
p=  041( 12.87871000,  79.80002000,  12.02378000)
p=  042( 69.95836000,   1.83334000,   0.00000000)
p=  043(  0.90906000,  33.79247000,  69.88889000)
p=  044( 10.72719000,  68.70153000,  23.01020000)
p=  045( 44.00000000,  44.00000000,  31.00000000)
p=  046( 81.10693000,  30.55264000,  24.00000000)
p=  047( 19.99666000,  82.69970000,  84.00000000)
p=  048( 73.17388000,  25.49990000,  50.72906000)
p=  049( 61.00000000,  40.00000000,  26.00000000)
p=  050(  0.83333000,   8.08336000,  84.50000000)
p=  051(  3.23331000,  38.60907000,   9.90909000)
p=  052( 58.95831000,  74.99815000,  42.90000000)
p=  053( 86.28562000,  93.83691000,  55.91615000)
p=  054( 95.85751000,  86.83322000,  65.07231000)
p=  055(  8.45836000,  84.79212000,  33.04534000)
p=  056( 68.65478000,   1.75001000,  42.00000000)
p=  057( 38.03333000,  48.80001000,   3.00000000)
p=  058( 58.00000000,  40.00000000,  14.00000000)
p=  059( 45.00000000,  59.00000000,  92.00000000)
p=  060( 69.41667000,  67.25171000,  24.00075000)
p=  061( 29.44442000,  65.58398000,   6.00000000)
p=  062( 29.66664000,  99.00003000,  15.00000000)
p=  063( 80.95560000,  35.30775000,  48.94444000)
p=  064( 30.37497000,  70.53134000,  75.00000000)
p=  065( 26.06551000,  69.45237000,  54.00000000)
p=  066( 78.31198000,  36.35114000,  54.05840000)
p=  067(  0.83334000,   8.45836000,  87.75000000)
p=  068( 42.00000000,  40.00000000,  14.00000000)
p=  069( 89.29998000,  32.81252000,  75.00000000)
p=  070( 55.00000000,  59.00000000,  83.00000000)
p=  071( 75.93493000,   9.70642000,  66.00000000)
p=  072( 65.83332000,  48.33331000,  63.00000000)
p=  073( 55.00000000,  41.00000000,  58.00000000)
p=  074( 73.92774000,  27.18825000,  15.00000000)
p=  075( 12.43749000,  13.54951000,   0.00000000)
p=  076( 30.20080000,  10.34548000,  93.05243000)
p=  077( 85.05881000,  87.64285000,  69.00000000)
p=  078( 31.53965000,  48.87497000,   3.75000000)
p=  079( 24.13647000,  99.00000000,  24.00000000)
p=  080( 20.77365000,  99.09167000,  24.01786000)
p=  081( 86.30775000,  67.44302000,  81.00000000)
p=  082( 66.88332000,   0.50000000,   0.00000000)
p=  083( 60.00000000,  40.00000000,  20.00000000)
p=  084( 27.61254000,  92.21858000,  69.06566000)
p=  085( 10.26543000,  27.21665000,   3.95290000)
p=  086( 30.49997000,  98.33332000,  81.00000000)
p=  087( 69.95836000,  35.46159000,  78.00000000)
p=  088( 65.15906000,  85.06239000,  90.00000000)
p=  089( 82.29998000,  89.26972000,  52.98281000)
p=  090( 22.93194000,  98.03848000,  30.03335000)
p=  091( 60.00000000,  40.00000000,   2.00000000)
p=  092( 51.00003000,  39.66664000,  42.00000000)
p=  093( 92.42139000,  81.30963000,  58.95275000)
p=  094( 30.12497000,  91.11111000,   6.00000000)
p=  095( 26.62122000,  98.00000000,  69.90909000)
p=  096(  5.94997000,  36.91667000,  66.94653000)
p=  097( 58.89998000,  63.67775000,  90.00000000)
p=  098( 98.00003000,  60.44447000,  84.33332000)
p=  099( 77.10276000,  81.21805000,  63.94444000)
p=  100( 72.11520000,  62.36367000,  72.00000000)
